11.059344460824425 
11.059344460824425 
11.059344460824425 
11.059344460824425 
11.059344460824425 
11.059344460824425 
11.059344460824425 
11.059344460824425 
11.059344460824425 
11.059344460824425 
11.059344460824425 
11.059344460824425 
11.059344460824425 
11.059344460824425 
11.059344460824425 
11.059344460824425 
11.059344460824425 
11.059344460824425 
11.059344460824425 
11.059344460824425 
11.059344460824425 
11.059344460824425 
11.059344460824425 
11.059344460824425 
11.059344460824425 
11.059344460824425 
11.059344460824425 
11.059344460824425 
11.059344460824425 
11.059344460824425 
11.059344460824425 
11.059344460824425 
11.059344460824425 
11.059344460824425 
11.059344460824425 
11.059344460824425 
11.059344460824425 
11.059344460824425 
11.059344460824425 
11.059344460824425 
11.059344460824425 
11.059344460824425 
11.059344460824425 
11.059344460824425 
11.057991722759176 
11.059344460824425 
11.059344460824425 
11.059344460824425 
11.059344460824425 
11.059344460824425 
11.059344460824425 
11.059344460824425 
11.059344460824425 
11.059344460824425 
11.059344460824425 
11.059344460824425 
11.059344460824425 
11.059344460824425 
11.059344460824425 
11.059344460824425 
11.059344460824425 
11.059344460824425 
11.059344460824425 
11.059344460824425 
11.059344460824425 
11.059344460824425 
11.059344460824425 
11.059344460824425 
11.059344460824425 
11.059344460824425 
11.059344460824425 
11.059344460824425 
11.059344460824425 
11.059344460824425 
11.059344460824425 
11.059344460824425 
11.059344460824425 
11.059344460824425 
9.457380879072536 
11.059344460824425 
11.059344460824425 
11.059344460824425 
11.059344460824425 
11.059344460824425 
11.059344460824425 
11.059344460824425 
11.059344460824425 
11.059344460824425 
11.059344460824425 
11.059344460824425 
11.059344460824425 
11.059344460824425 
11.059344460824425 
11.059344460824425 
11.056637715113201 
11.059344460824425 
11.059344460824425 
11.059344460824425 
11.059344460824425 
11.059344460824425 
11.059344460824425 
11.059344460824425 
11.059344460824425 
11.059344460824425 
11.059344460824425 
11.059344460824425 
11.059344460824425 
11.059344460824425 
11.059344460824425 
11.059344460824425 
11.059344460824425 
11.059344460824425 
11.059344460824425 
11.059344460824425 
11.059344460824425 
10.456354415108288 
10.456354415108288 
11.059344460824425 
11.059344460824425 
11.059344460824425 
11.059344460824425 
11.059344460824425 
11.059344460824425 
11.059344460824425 
