21.29808606754303 
20.965101519857274 
21.298079353346655 
21.298055853413278 
21.295568292103248 
21.298054734359283 
20.937009519681908 
21.297170970255653 
21.298084948512468 
21.29808271044875 
21.29808606754303 
21.298007173762123 
20.95115449425011 
21.29808606754303 
21.29808606754303 
21.29808606754303 
21.293124719080268 
21.29808606754303 
20.894558014328272 
21.298084948512468 
21.29726782452721 
21.298084948512468 
21.29808606754303 
21.29808606754303 
21.298055853413278 
21.29808606754303 
21.298083829481044 
21.298081591415585 
21.29808606754303 
21.29727006385543 
20.922863829295316 
21.298083829481044 
21.298084948512468 
21.297975279306936 
21.29808606754303 
21.298079353346655 
21.298022281415847 
21.29808606754303 
21.29808606754303 
21.24067023310019 
21.29808271044875 
20.965101519857274 
21.218850541442077 
21.29727006385543 
20.935516148019758 
20.510558470019706 
21.298084948512468 
21.297170970255653 
21.298055853413278 
21.29727006385543 
21.29641606792622 
21.298083829481044 
21.29723703341176 
21.298084948512468 
21.29784321756755 
21.29808606754303 
21.298042424708054 
21.29808606754303 
21.29808606754303 
21.296362851449565 
21.29808606754303 
20.965091652981958 
21.29808271044875 
21.29808606754303 
21.298055853413278 
21.298051377192092 
21.29807823431089 
21.29808606754303 
20.951122470961742 
21.297994304154532 
21.298055853413278 
21.29808606754303 
21.29727006385543 
21.298055853413278 
21.29808606754303 
21.298084948512468 
21.275885784578634 
21.27505712343042 
18.96510504372496 
21.29808606754303 
21.298081591415585 
21.298055853413278 
21.298084948512468 
21.297229195568352 
20.964584122682474 
21.29808606754303 
21.298080472381553 
21.29727006385543 
21.298084948512468 
20.529364779406304 
21.275889193723614 
21.29559743741232 
21.298023400495016 
21.297257187670716 
20.936000926275554 
21.298055853413278 
21.298084948512468 
21.275873852507765 
21.298081031898676 
21.298084948512468 
21.229084005518313 
20.965100815082703 
21.298055853413278 
20.921817697598645 
21.2972695040237 
21.298055853413278 
21.298084948512468 
21.298054734359283 
21.298042424708054 
21.29808606754303 
21.29808606754303 
21.298055853413278 
21.27588805734285 
21.29808606754303 
21.298048579546798 
19.908435135833464 
19.93703323434857 
21.29808606754303 
20.965102224631497 
21.29727006385543 
21.298084948512468 
21.298054734359283 
21.298055853413278 
21.218333823839508 
