26.314126128813093 
25.719256915031632 
26.31391804490276 
26.31332563776589 
25.969653604460415 
26.040505724210455 
24.692832085063333 
26.293324245461474 
26.312978622058964 
26.2578108085466 
26.31392518731447 
26.311284063065408 
25.68947623580444 
26.314104116535482 
26.31415031945195 
26.314100485255533 
26.24611451035811 
26.295563195116717 
25.30328887232635 
26.31406503656634 
26.294807275569674 
26.313707751613318 
26.314027667517266 
26.313431776237092 
26.313347402411576 
26.3140205083201 
26.313875345340698 
26.31403975506663 
26.29452957110605 
26.29556053276607 
25.705773031419028 
26.030197657061976 
26.040979592917115 
26.31173475334468 
26.313372090527142 
26.03011277077232 
26.312895969661223 
26.314068149169056 
26.313020431016163 
26.019470092893634 
26.313659562651075 
25.719191701893536 
26.03039315864143 
26.294916905479734 
25.719910398378854 
24.60672012081134 
26.29553366376816 
26.01762290747079 
26.311646209716756 
26.294181598303176 
26.275093632480903 
26.31401960909476 
26.29177787425664 
26.31409509019415 
26.309961200010118 
26.31406228709503 
26.313073849886766 
26.314141846722524 
26.31401651368016 
26.274282131935664 
26.295567328756658 
25.71876519745229 
26.31399892675717 
26.314087429864006 
26.31267379191285 
26.313038324048975 
26.019284072241877 
26.314126578392642 
25.717024333199298 
26.039211751220716 
26.311368436372735 
26.31412118342884 
26.295524993417583 
26.294136452103825 
26.31404656831878 
26.313880723929422 
26.041230320475947 
26.030518062007154 
23.719824225913563 
26.314085787124256 
26.313916246323778 
26.257130057011803 
26.31303834135354 
26.01880247065312 
25.7032437218651 
26.313386398022338 
26.313989069685924 
26.27570805398345 
26.313299149506914 
25.304583644513183 
26.040064652820867 
26.256888291618978 
26.311964885932355 
26.24759594710496 
25.266663780063148 
26.04097957202134 
26.313814622968863 
26.030250224266382 
26.313924270735768 
26.313935546342716 
26.0185838511038 
25.71877690136342 
26.313438972955876 
25.266516096081695 
26.277209294333357 
26.293588887182704 
26.314034428948634 
26.018643697837906 
26.31296694094585 
26.03062003525045 
26.313439941742203 
26.31275391276926 
26.04172523323359 
26.31399230350444 
26.312585790580233 
24.663146868387674 
24.66151064633065 
26.31338695163478 
25.719695518887583 
26.295621100027656 
26.313993514022872 
26.313287038449218 
26.3134331256246 
26.02802266066586 
