31.2659296837013 
31.267235233955223 
31.00525266005292 
31.252355630241315 
31.22947796718164 
31.26387210124814 
30.743660607276716 
31.004854382683725 
31.236911350303437 
30.732037379483618 
30.765004083249185 
31.05285595989787 
29.353027785451296 
31.052514627663623 
31.051559661841296 
31.2466230226818 
30.68321458920693 
31.214690818336273 
31.265733343344564 
30.411527676041207 
30.78929213935075 
31.26871462736973 
29.99679883682282 
31.28472443645493 
31.245526313619006 
31.232891325819118 
31.213469216567844 
30.754145993957152 
30.463090336807856 
30.77635332834476 
31.278494643808052 
30.787040839435956 
30.705623521680018 
30.776404248890138 
31.250008990930603 
31.262095132194634 
30.76867692284142 
31.23509132195644 
31.25352709630264 
30.758913207737027 
31.26670853887027 
31.00336597900779 
31.01479929356355 
30.775084401881866 
31.054109980205283 
31.2664179258526 
30.765863393538666 
31.051869114396222 
31.28446009297196 
31.249209613954353 
0.0 
30.754810553003225 
31.188966747168916 
31.28514605717839 
31.030191145895145 
31.28112027948725 
31.2859565436305 
31.02785999146568 
30.995077369600978 
31.250474664788477 
30.78702695106453 
30.792118922592238 
31.2639611418575 
30.75098200688243 
30.99381877322906 
31.226257808996525 
31.02715687169894 
29.931451193418212 
31.021970974635114 
31.002423861297984 
31.250287683212004 
30.97125059732798 
31.266821956960175 
31.030639573379766 
30.985520047946938 
31.204546727170094 
31.269056667410982 
31.279779762766257 
31.031931966188594 
31.28636077198219 
31.02411317979777 
31.279901261941816 
31.03088103523861 
31.27844010909143 
29.9777327277967 
31.280383294277055 
30.754508044205593 
31.260063349896686 
30.663595985708618 
31.285602528914183 
31.267508529676 
30.68321458920693 
31.28120150798508 
31.006898165491382 
31.263519839465026 
31.21345239974951 
30.439694489967884 
30.723510088922975 
31.263709630944057 
30.418495246865472 
30.769555934750343 
30.032234063071638 
31.259802860480352 
31.26462455310829 
30.700970058142605 
31.015528451462004 
31.21835491818916 
30.781867336537545 
30.73482955900908 
31.046930588061254 
31.235865805167702 
30.01806877742071 
30.44047465624698 
31.00284455944313 
30.73185425019319 
31.017086099241027 
31.284054553688343 
31.285021341122203 
31.046208801034766 
31.015155580181812 
31.246947969469954 
30.035280046859075 
30.764250439941346 
31.284586122231463 
29.93799289084399 
30.744585765074156 
30.97600093598848 
31.23337476639109 
29.9777327277967 
31.23443674518196 
31.037475679056495 
29.42965943685038 
31.26713226591954 
31.2460487209429 
31.030891910912228 
31.216855652944442 
30.782397197060593 
30.43767423238871 
30.763335240711868 
31.02692665992507 
30.75024903045188 
31.286716352565175 
31.004886510038663 
31.25089275731123 
31.242429712843453 
31.052503139658292 
31.266553260872783 
31.26842753269541 
31.00259889735275 
30.743837101152327 
31.26599793942134 
31.278790013461222 
30.754495729823127 
31.267508529676 
31.26405153586383 
31.278494643808052 
31.2859565436305 
30.724781588592908 
30.350785526750315 
31.04463726409583 
31.029771177053092 
31.283077573011795 
30.735637847002543 
30.998971786086354 
31.005013232836188 
30.43419870711933 
31.27869934537104 
31.24366432030148 
30.97600093598848 
31.174702768028265 
31.02667716340507 
31.245916733147357 
31.02442866043315 
30.76372992551825 
30.43288065697814 
31.26773468490666 
30.42650551132338 
31.270027606389835 
31.04454729695524 
30.789467406226514 
31.216855652944442 
31.264284703682783 
30.697919979074307 
31.229052452160037 
31.26287264708259 
31.252380369829673 
30.731135749814715 
29.467239302980598 
31.266925312852017 
30.468868230333506 
31.033794215087223 
31.280552408635458 
31.002156195116225 
30.034867890396686 
31.20357652196193 
31.053751351458338 
31.25770044518045 
31.038456523144852 
29.9981229431612 
31.260773440530198 
30.42691137752657 
30.636952221530667 
31.05612279340897 
30.76867692284142 
31.24913136649631 
31.284421484707703 
31.21773855135278 
30.0331876234232 
30.40653943374834 
31.271701811897216 
31.247823274613904 
31.233049675375327 
30.0281047579214 
31.26391718117726 
30.050701362441238 
31.267700794378452 
31.26166387987581 
31.276407716098063 
30.79037121187847 
31.23398631260735 
31.28064223861817 
31.278864008115907 
31.047580201928245 
30.393981718241754 
30.761571803641992 
31.26161754145648 
31.048798628774378 
31.032166017127498 
31.276866680036463 
30.77559914746432 
31.242235010857424 
31.188342748935558 
30.451839713955945 
30.441954652162337 
30.052079882106593 
31.286625896523503 
31.269746467916015 
31.2378851875633 
30.414111062880473 
31.03234847661498 
31.02220479072402 
31.1937411935976 
31.020460193506853 
31.049967487100087 
30.720530394361212 
31.005013232836188 
30.98647773987776 
31.264629447416535 
30.453997776895065 
31.040252084263063 
30.989063503303026 
31.251529457195698 
30.439125207634884 
30.055159280321952 
30.655608944672903 
31.28149697181419 
30.768213554431266 
31.249676201885197 
31.28048849631492 
31.25767646084687 
30.77327485160943 
30.45080525431457 
31.278689421912176 
30.993314621585633 
31.282539232430615 
31.251383897174566 
31.05009903893078 
31.281014049215678 
30.752947285592096 
31.265625212285855 
30.995715401532316 
30.765813138705276 
30.77857194414004 
31.266453895160666 
31.280900872181004 
30.784643997657405 
31.035772238321496 
31.2802897396331 
30.411665107550334 
31.28716707058834 
30.016035938644244 
31.216349836771695 
31.053545789607966 
31.04446129265455 
31.26921018504112 
30.448341160926343 
31.240752431720306 
31.017508374044215 
30.44846539804679 
30.672990118542984 
30.450633608244317 
31.205868166065432 
31.280576565421228 
30.77953363871101 
31.03487359423147 
31.26916832622381 
31.28446637166778 
30.77237365214504 
31.2200421447617 
31.266594400385895 
31.26537902395149 
30.788267822975836 
31.26807821870774 
31.233484715489677 
30.763963059996357 
31.264746868368732 
31.046208801034766 
31.245755738596106 
31.04648610369423 
31.031807128006214 
30.973157422084952 
31.264317888678313 
31.283671883381917 
31.248027008764975 
31.285214675577723 
31.24606007861419 
30.767575397426835 
31.04397664990359 
31.248750374123542 
30.78511432291957 
30.733914816453662 
31.28364619387196 
31.032881848545443 
30.75753310375802 
30.791482587124516 
31.244863002622907 
31.052514627663623 
30.76383082792312 
31.2332829194266 
31.02197709425728 
31.24618731977261 
31.262085747067115 
30.97600093598848 
30.786321776208567 
30.707639735218173 
31.26326336610482 
30.4404022950332 
30.00876924776232 
31.28201255692782 
31.04452332987046 
31.269297501047628 
30.383421385201576 
30.77886486842546 
29.933746231359084 
31.28240438348081 
31.207743345881788 
30.77576797110807 
31.247366567848957 
31.008363366703648 
30.76807005908106 
31.00268277936156 
31.282344782302122 
31.25059230265045 
31.247815452211306 
31.004708511717713 
31.282116505430203 
31.28006528354195 
30.032157160814386 
30.464995866180594 
31.244402442086074 
30.766904400335402 
31.285640489967495 
31.053330403578357 
30.447522615866504 
31.055287843892838 
30.764251115510998 
31.05208835971071 
31.024612581843222 
31.247003041944737 
31.05248846695727 
31.267964620375587 
30.6993244377448 
31.256938696857716 
31.02343172733783 
31.282706781003785 
30.781785559450125 
31.27932537878678 
31.26995609168456 
31.268545056526886 
31.28249964148771 
31.01623160957354 
31.032121968258444 
31.053374700482212 
30.96880654000938 
31.032869365878007 
31.191630971633575 
31.05217739649223 
31.278992676550175 
30.76309638211898 
30.396725153808937 
30.686902385481346 
30.720633020039344 
31.032408412624793 
30.789060265619437 
31.034259472318652 
31.01371475256857 
30.008992684343973 
31.284438393394638 
31.282848811272043 
31.28231147962779 
30.436119994132202 
30.77399985697425 
30.779094903040185 
30.784667344062747 
31.261945421121954 
31.053222949400457 
31.27853925252532 
30.43361562720968 
30.446016252518778 
30.77388394660405 
31.034880637760875 
30.743242946984424 
30.394162128603828 
31.281262872337038 
31.263510743428377 
31.24964769610767 
30.782572656791054 
31.279767728385767 
30.742212089615453 
31.266870019105145 
30.75273580951825 
31.268037981769375 
31.041213816237708 
31.264727248454044 
30.03338337146415 
31.252130695124194 
31.049921512380877 
31.220054697031344 
31.05379895436936 
30.74486998948354 
30.728846936633698 
31.011456320794597 
31.278655568442655 
30.464430851123858 
31.260364942679605 
30.452875211093026 
31.245127800642326 
31.23442370868129 
31.032058633292223 
31.27869934537104 
31.01051760715361 
30.436687914058844 
29.93603353557757 
31.256475390825095 
31.281497133208592 
31.25260350608934 
29.464927982682173 
31.045590052764005 
30.751575481693045 
30.98792107946461 
30.737902908393362 
30.994047891827048 
31.24658078704319 
31.249260090924835 
31.01535199535602 
31.025628663380907 
29.999618724548387 
30.78782024894826 
30.623650879686316 
30.761646126497137 
31.235067563264707 
31.278708437523168 
31.279938063601612 
30.76233971590185 
30.99278922304611 
30.7355275945462 
30.726775406251342 
31.244026489640085 
31.030720593251996 
31.26424903265306 
31.285208851652776 
30.44425574819934 
31.005055598045818 
31.251610382610114 
31.03582759896957 
30.38272311403598 
31.282539232430615 
31.281335117303882 
31.28314003357506 
31.042309363197763 
31.056502129570216 
30.782709208518337 
30.778012505704883 
31.02865845503357 
30.46373769199035 
31.283902516589226 
31.02692665992507 
30.420440069717184 
30.72828846266419 
31.022118889663545 
31.240488330590683 
30.79037121187847 
31.018919513168086 
31.029764109192072 
31.048509139646168 
31.231225128008095 
31.26715970985733 
31.277274689711106 
31.261236078766252 
31.282483975480197 
