31.284750102912056 
31.285577015958996 
31.279472625276973 
31.26423751969043 
31.281955667475966 
31.276052445938536 
31.234056256933375 
31.257563842711075 
31.25099213980609 
31.267497060555005 
31.277322012990574 
31.253810469226067 
31.250117380264268 
31.2476994096442 
31.268636627670112 
31.27987155654649 
31.26646051297779 
31.26676577922428 
31.28139977704673 
30.739237128333126 
31.250640789370618 
31.014083338749977 
31.259706719860517 
31.26999656654934 
31.248620140228045 
31.234264968457506 
31.026088570545586 
31.284959788499737 
31.279978442535455 
31.280766819501213 
31.28528528631639 
31.245510215998586 
31.26518967669372 
31.248410649475815 
31.231804556098766 
31.248013247076248 
31.28415518674341 
31.282977867469818 
31.25283911150383 
30.76918284176442 
31.28215596932395 
31.284646000404244 
31.247407028351564 
30.988534136544466 
31.283057246189344 
31.249388463642788 
31.280004181945934 
31.24809330594125 
31.2836705290482 
31.247538371716473 
31.280635395737225 
31.265401753789543 
31.284074970741887 
31.229572249475922 
31.25066034035253 
31.260614901866642 
31.264791133119186 
31.221192680305737 
31.235561936135305 
31.26720429251301 
30.7798685469766 
31.28593534979686 
31.285800307078322 
31.243878870865586 
31.232004181762314 
31.1904251086018 
31.24269003962631 
31.24680339414972 
31.2386659766807 
31.26709257090513 
31.249836777638208 
31.284282772378468 
31.263436929261744 
31.2802057977116 
31.216558974078783 
31.240480726487792 
31.232103401683602 
31.034082673952465 
31.22575736683124 
31.283679246652422 
31.284764721354854 
31.283645091731636 
31.019116786289963 
31.285562731483306 
31.2850784985187 
31.249301168679246 
31.269131112782873 
31.258214628715727 
31.284444160307032 
31.03204872175835 
31.260209564873463 
31.261241157228298 
31.273902984074383 
31.284370857852807 
31.282472450806257 
31.284444160307032 
31.285222310484997 
31.024653154286824 
31.264686334143466 
31.282018570576632 
31.24427909523435 
31.218049680668436 
31.226895760257545 
31.054943123616713 
31.251151545783724 
31.24822486965289 
31.285065216983895 
31.279639466100452 
31.24207445638494 
30.772034967740563 
31.26125735717854 
31.22211373108478 
31.267414256935286 
31.24628980273389 
31.266924650670678 
31.04799141847887 
30.98753055344126 
31.285874288016956 
31.229912354952738 
31.276962051542284 
31.28426334518877 
31.25887220183893 
31.28260085140669 
31.055820393258877 
31.279949332435127 
31.28421918178237 
31.244947830670768 
31.284397885356597 
31.242176805919172 
31.28105370085122 
31.280162957175264 
31.28337982450991 
31.244596025056573 
31.278722405699572 
31.233119283316633 
30.780804147163927 
31.26379970218687 
31.27893616013067 
31.27308054656214 
31.23358148524966 
31.243949886517175 
31.213844760419242 
31.285299226241975 
31.00561633013966 
31.285927901051643 
31.28480223241314 
31.202801919054806 
30.44602596658531 
31.266468328207075 
31.22835654037462 
31.26779748237015 
31.220640837850187 
31.280962494267396 
31.268929278620185 
31.28137885611686 
31.246879904791907 
30.990446124448553 
31.282158370901094 
31.25257238965531 
31.26672618692329 
31.283845613876757 
31.280588699245833 
31.005052086069313 
31.250446463933052 
31.281962114555235 
31.01667874307711 
31.22061059196633 
31.282360407287154 
31.242257744775387 
31.269645704675764 
31.2585650438311 
31.267153953266547 
31.278915880632308 
31.050308959200258 
31.281100757141857 
31.260877606851135 
31.222562751651218 
31.266901580217144 
31.25930108717707 
31.233020048641354 
31.266110148051794 
31.27873453186984 
31.243145795070816 
31.265525143280236 
31.283998833331328 
31.240248965801076 
31.268564176759202 
31.26684072370499 
31.24628980273389 
31.223963036829147 
31.251705005307347 
31.251379621435543 
31.23362806103241 
31.050624465364873 
31.266924650670678 
31.21973542893836 
31.27384289172323 
31.285070881596322 
31.210509698323452 
31.26457277990655 
31.04537771432121 
31.239991528195585 
31.043319874170738 
31.26601911754805 
31.284193340371456 
31.246742302182003 
31.263623359436384 
31.283071548868477 
31.022144942680047 
31.046470442689717 
31.267728478054888 
31.282631067857075 
31.278543635726354 
31.249864663294286 
31.24649187173902 
31.23149991848678 
31.232419490698494 
31.28733893404561 
31.252557385519864 
31.28311469456283 
31.28546895650923 
31.2793363712041 
31.052705037064765 
31.0363512809845 
31.18071273558592 
31.263883213161016 
31.285499198934577 
31.22742359517891 
31.28083328640516 
31.243486905171835 
31.250818233731952 
31.277606267011247 
31.043693864094 
31.283709932796256 
30.99698542635788 
31.22013478374269 
31.018290556928548 
31.286576691417242 
31.265836225762975 
31.267548141253645 
31.054711745628396 
31.277822851678458 
31.284436457847086 
30.97253907627732 
31.033218856160012 
31.281394006796248 
31.24627044957123 
31.265489171487612 
31.261182703945746 
31.04855987983602 
31.28225097635701 
31.265769252054195 
31.268642789348647 
31.26523459528993 
31.26900617142005 
31.282919393778958 
30.986216777917672 
31.030704395165888 
31.281351906872093 
31.267728478054888 
31.284541935611557 
31.276764146500565 
31.26719922439236 
31.251162538786463 
31.28330073403222 
31.21388143152961 
31.261524565929104 
31.239781792222345 
31.03179126872596 
31.047232989205924 
31.245510215998586 
31.245713019178798 
30.77613563065089 
31.231879148446446 
31.268835544749734 
31.26870602408225 
31.1644384741564 
31.24197633229162 
31.05044217696237 
31.263611940531575 
31.262884779550884 
31.28375816296716 
31.277602345947578 
31.221934376682935 
31.28461679405605 
31.04537771432121 
31.26423751969043 
31.281180328766897 
30.761888890769256 
31.266239423809278 
31.26148854300566 
31.283540031872807 
31.26219528254312 
31.28612304570191 
31.234037338158576 
31.26552588769976 
31.28223284101219 
31.282822232396377 
30.756270736254322 
31.220291330394534 
31.231488467925654 
31.044132415551324 
31.282224883110256 
31.23038212500997 
31.28453995938778 
31.276102007966198 
31.28441120447779 
31.281519586199778 
31.217537829865766 
31.269434421682327 
31.277542235123228 
31.281163949626592 
30.970844068688876 
31.278229243247335 
31.282224883110256 
31.255888330985286 
31.04749614638319 
31.25488178205517 
31.286704650171362 
31.227542483292893 
31.282284719048636 
31.25030642849144 
31.029808059669957 
31.285407932313042 
31.04332119042628 
31.269350141729273 
31.264446015266678 
30.975361118608646 
29.47134937947936 
31.261623498383976 
31.274906351141848 
31.2404909452737 
31.284750102912056 
31.246313173441518 
31.263894269037724 
31.2590415559152 
31.264473873884025 
31.267297656290836 
31.28324918179263 
31.28583664777063 
31.26293429267002 
31.283298066068923 
31.2644318841296 
31.2832487787963 
31.26199313001244 
31.28044333496759 
31.285783805613192 
31.26006071322498 
31.284605901915658 
31.283469069613886 
31.26775269483739 
31.264980921810686 
31.023126605298653 
31.284779926407627 
31.283645091731636 
30.769846896231936 
31.002943206383087 
31.280053152506895 
31.205090518225504 
31.245629726927394 
31.03520867888101 
31.248473801147206 
31.28488541490702 
31.279326246757915 
31.004842628006724 
31.252223389622916 
31.256272368233564 
31.26375991816921 
31.277224537646806 
31.202399803015634 
31.05219252267395 
31.26643152203365 
31.28665450652275 
31.230006136874035 
31.268213306035072 
31.23351117676748 
31.262789408510532 
31.260488240996526 
31.263676278066885 
31.26546274536349 
31.235575052509144 
31.258889943765915 
31.266287545023502 
31.28165995217107 
31.267257555547737 
31.265963943260353 
31.261148684378014 
31.19713716520281 
31.284519398336823 
31.26839795711656 
31.26339823952375 
31.267222943200004 
31.20139112369132 
31.246196996377574 
31.234445371969688 
31.284444577310996 
31.270082868946297 
31.002943206383087 
31.268865120280697 
31.281105386887948 
31.279148536490155 
31.169763151912306 
31.266747612901792 
31.231869286658757 
31.009302915929094 
31.043898084335705 
31.264422801112403 
31.260955949233107 
31.266929660573027 
31.266016202340683 
31.24788482321049 
31.023981318841802 
31.24209311498794 
31.26753074658297 
31.26990575643085 
31.27942666826811 
31.244942564141095 
31.26674196746374 
31.263066345099414 
31.244125931598894 
31.03052670607134 
31.242176805919172 
31.262718723455187 
30.465760576939562 
31.284409751548903 
31.033916904984338 
31.216729472635848 
31.282538835863782 
31.2638173231905 
31.233783406379658 
31.282286259744044 
31.2787538309716 
31.28577805672822 
31.26696491364669 
31.26761786014536 
31.255376624656705 
31.28256803736228 
31.26680870450959 
31.284135989002262 
31.284664750704927 
31.23351117676748 
31.25499586234476 
31.285623844479705 
31.284294979885498 
31.2874132242014 
31.286609949205648 
31.24119428211912 
31.019489891969144 
31.26606924333238 
31.263163924117883 
31.26922610566709 
31.25024113270861 
31.02667299734478 
31.23590649650864 
31.260226442796533 
31.282505289118202 
31.006870654902855 
31.016023855491646 
31.242969858547152 
31.24794408534772 
31.266902413261242 
31.283878177048702 
31.266330498504164 
31.278830177570192 
31.285752595373093 
31.251698342591922 
31.266969162426683 
31.013467116311574 
31.171439912184574 
31.28488541490702 
31.213433036178024 
31.252031518524745 
31.26855280525967 
31.008116386008325 
31.251698342591922 
31.229780879069022 
31.017183864177515 
31.016086386888897 
31.22901916018287 
31.266765530739253 
31.285499978316167 
31.286182469512724 
31.28021595028635 
31.283149798935774 
31.275330159986098 
31.26791633077365 
31.24839771318767 
31.260560064485535 
31.265901531354697 
31.056528160104346 
31.267074129001927 
31.049966738874797 
31.263889878029627 
31.022861391556518 
31.28433304982971 
30.761933109399045 
31.283817946936157 
31.245425318437256 
31.266519143199442 
31.24382374991727 
