21.298055853413278 
21.297268944191753 
21.298083829481044 
21.29804410330304 
21.29808606754303 
21.297978077094374 
21.29808606754303 
21.29807823431089 
21.29808606754303 
21.29808606754303 
21.29808606754303 
21.298084948512468 
21.298082150932277 
21.298055853413278 
21.297267264694614 
21.298055853413278 
21.298055853413278 
21.29808606754303 
21.298084948512468 
21.298055853413278 
21.29808606754303 
21.29808606754303 
21.29808606754303 
21.29805249624869 
21.29808606754303 
21.29808606754303 
21.297988708637163 
21.29727006385543 
21.29808606754303 
21.298051936720498 
21.29808606754303 
21.29808606754303 
21.29808606754303 
21.298025638650746 
21.298084948512468 
21.298084948512468 
21.29808271044875 
21.29808606754303 
21.29808606754303 
21.29808606754303 
21.298084948512468 
21.298083829481044 
21.298084948512468 
21.29808606754303 
21.29727006385543 
21.298051377192092 
21.298084948512468 
21.298055853413278 
21.29808606754303 
21.298083829481044 
21.29804410330304 
21.298051377192092 
21.29727006385543 
21.298024519573314 
21.298081031898676 
21.298083829481044 
21.298055853413278 
21.298055853413278 
21.298023400495016 
21.298055853413278 
21.29808606754303 
21.298083829481044 
21.29808606754303 
21.29808606754303 
21.298079912864214 
21.298075436717674 
21.29807823431089 
21.298055853413278 
21.298084948512468 
21.298083829481044 
21.298082150932277 
21.29808606754303 
21.297978077094374 
21.29808606754303 
21.29808271044875 
21.29727006385543 
21.29808606754303 
21.298083829481044 
21.298083829481044 
21.298084948512468 
21.29808606754303 
21.298051377192092 
21.298084948512468 
21.298055853413278 
21.298083829481044 
21.29808271044875 
21.298084948512468 
21.298025638650746 
21.298079912864214 
21.298051377192092 
21.298017805090495 
21.29808606754303 
21.29807823431089 
21.29727006385543 
21.29807823431089 
21.298054734359283 
21.29808271044875 
21.29807823431089 
21.29808606754303 
21.298083829481044 
21.298079353346655 
21.298084948512468 
21.298051377192092 
21.29808271044875 
21.298080472381553 
21.298055853413278 
21.298083829481044 
21.298017805090495 
21.29807823431089 
21.29808271044875 
21.29808606754303 
21.29807823431089 
21.29808606754303 
21.29808606754303 
21.298072639119038 
21.275890330103483 
21.297170970255653 
21.298055853413278 
21.298084948512468 
21.298084948512468 
21.298084948512468 
21.298055853413278 
21.29808606754303 
21.298083829481044 
21.298083829481044 
21.298055853413278 
21.298055853413278 
21.298084948512468 
21.298025638650746 
21.29804913907629 
21.297988708637163 
21.29808606754303 
21.29808606754303 
21.298084948512468 
21.298084948512468 
21.298084948512468 
21.29807823431089 
21.298084948512468 
21.29720792120731 
21.29808606754303 
21.298081031898676 
21.29808606754303 
21.297988708637163 
21.297261106521706 
21.29808606754303 
21.29802004325491 
21.29808606754303 
21.29808606754303 
21.29808606754303 
21.29808606754303 
21.298083829481044 
21.29808606754303 
21.29723983263123 
21.298084948512468 
21.298083829481044 
21.298017805090495 
21.29808606754303 
21.29808271044875 
21.298055853413278 
21.29808606754303 
21.29802284095554 
21.29808606754303 
21.29807823431089 
21.29808606754303 
21.298053055776663 
21.29808606754303 
21.29808606754303 
21.29808606754303 
21.298023400495016 
21.297268944191753 
21.29808606754303 
21.298083269965 
21.298055853413278 
21.298055853413278 
21.29808606754303 
21.298046341426655 
21.298084948512468 
21.298080472381553 
21.297978077094374 
21.298079912864214 
21.298084948512468 
21.29804410330304 
21.298055853413278 
21.298084948512468 
21.298083829481044 
21.29808606754303 
21.29808606754303 
21.298081031898676 
21.29804913907629 
21.29808606754303 
21.29807767479268 
21.298053055776663 
21.298084948512468 
21.29807823431089 
21.298075436717674 
21.298084948512468 
21.298054734359283 
21.298046900957015 
21.298084948512468 
21.29808271044875 
21.298017805090495 
21.298079353346655 
21.29808606754303 
21.298054734359283 
21.29808606754303 
21.29808606754303 
21.298084948512468 
21.29808606754303 
21.29808606754303 
21.298084948512468 
21.29808271044875 
21.298055853413278 
21.29808606754303 
21.298051377192092 
21.298084948512468 
21.298084948512468 
21.29808606754303 
21.29808606754303 
21.29808606754303 
21.298055853413278 
21.29808606754303 
21.298083829481044 
21.29808606754303 
21.29808606754303 
21.298053055776663 
21.298023400495016 
21.298024519573314 
21.298083829481044 
21.29808606754303 
21.29808606754303 
21.29807599623675 
21.298083829481044 
21.29795625420845 
21.29808606754303 
21.298055853413278 
21.298083829481044 
21.298080472381553 
21.298055853413278 
21.298024519573314 
21.29804410330304 
21.29808271044875 
21.298054734359283 
21.297207361351468 
21.298084948512468 
21.298079912864214 
21.270905522757843 
21.29808606754303 
21.298083829481044 
21.298084948512468 
21.298055853413278 
21.29808271044875 
21.29808606754303 
21.298083829481044 
21.29808271044875 
21.29808606754303 
21.298084948512468 
21.298055853413278 
21.29808271044875 
21.29804410330304 
21.29808606754303 
21.297268944191753 
21.298084948512468 
21.29808606754303 
21.297199523346855 
21.29808606754303 
21.298084948512468 
21.29727006385543 
21.298083829481044 
21.29808606754303 
21.29720792120731 
21.298055853413278 
21.298083829481044 
21.298080472381553 
21.297268944191753 
21.298083829481044 
21.29808606754303 
21.298055853413278 
21.298084948512468 
21.298084948512468 
21.298084948512468 
21.298083829481044 
21.298083829481044 
21.298055853413278 
21.298083829481044 
21.298084948512468 
21.29808606754303 
21.297868959363573 
21.29808606754303 
21.29808606754303 
21.298075436717674 
21.298080472381553 
21.29808271044875 
21.298082150932277 
21.298051936720498 
21.29808606754303 
21.29808271044875 
21.298084948512468 
21.298075436717674 
21.298083829481044 
21.29808606754303 
21.29808606754303 
21.297978077094374 
21.298083829481044 
21.29808606754303 
21.298083829481044 
21.298084948512468 
21.29808606754303 
21.29808606754303 
21.29808271044875 
21.298083829481044 
21.29808606754303 
21.29808606754303 
21.298079353346655 
21.298084948512468 
21.29808606754303 
21.29808606754303 
21.29808606754303 
21.29808606754303 
21.29808606754303 
21.298084948512468 
21.29808606754303 
21.29808606754303 
21.298084948512468 
21.29808606754303 
21.298084948512468 
21.297993185052796 
21.29802284095554 
21.29805361530442 
21.298083829481044 
21.29808606754303 
21.29808606754303 
21.298046900957015 
21.298055853413278 
21.29795625420845 
21.298084948512468 
21.298084948512468 
21.298051377192092 
21.29808606754303 
21.297207361351468 
21.298025638650746 
21.298084948512468 
21.29808606754303 
21.29808606754303 
21.298084948512468 
21.298079912864214 
21.29807823431089 
21.298051377192092 
21.29802284095554 
21.298083829481044 
21.29808606754303 
21.29808606754303 
21.298084948512468 
21.298081591415585 
21.29808606754303 
21.29727006385543 
21.298079912864214 
21.298083829481044 
21.298083829481044 
21.298080472381553 
21.298084948512468 
21.29808606754303 
21.29808606754303 
21.29807823431089 
21.29807823431089 
21.298083829481044 
21.298083829481044 
21.29808606754303 
21.297261106521706 
21.298084948512468 
21.298083829481044 
21.298084948512468 
21.298025638650746 
21.298083829481044 
21.29808606754303 
21.29807823431089 
21.29808606754303 
21.298053055776663 
21.29808606754303 
21.29808606754303 
21.29808606754303 
21.298051936720498 
21.298079353346655 
21.29808606754303 
21.298083829481044 
21.298083829481044 
21.298054734359283 
21.298053055776663 
21.298083829481044 
21.29808606754303 
21.29808606754303 
21.298079353346655 
21.298084948512468 
21.298084948512468 
21.29808606754303 
21.298083829481044 
21.29726782452721 
21.29808606754303 
21.29808606754303 
21.29808606754303 
21.29808606754303 
21.298054734359283 
21.298080472381553 
21.29808606754303 
21.298083829481044 
21.29808606754303 
21.298025638650746 
21.298055853413278 
21.298084948512468 
21.29808606754303 
21.298055853413278 
21.298079912864214 
21.29808271044875 
21.298084948512468 
21.298037388911368 
21.29808606754303 
21.298055853413278 
21.29808271044875 
21.298083829481044 
21.298083829481044 
21.298083829481044 
21.298046900957015 
21.29808606754303 
21.29808606754303 
21.298046900957015 
21.29808606754303 
21.29808606754303 
21.29808606754303 
21.298083829481044 
21.29808271044875 
21.29808606754303 
21.29808606754303 
21.298025638650746 
21.298083829481044 
21.29808606754303 
21.298083829481044 
21.29808606754303 
21.298084948512468 
21.298025638650746 
21.29717041038547 
21.29808606754303 
21.298084948512468 
21.29808606754303 
21.29808606754303 
21.298083829481044 
21.297978077094374 
21.298084948512468 
21.298055853413278 
21.298083829481044 
21.29808606754303 
21.298084948512468 
21.298055853413278 
21.29808606754303 
21.298083829481044 
21.29808606754303 
21.298055853413278 
21.298084948512468 
21.29807767479268 
21.29808606754303 
21.29808606754303 
21.29808606754303 
21.298083829481044 
21.298080472381553 
21.298084948512468 
21.29795625420845 
21.298055853413278 
21.298023400495016 
21.298083829481044 
21.29808606754303 
21.298055853413278 
21.29808606754303 
21.29808606754303 
21.298080472381553 
21.29808606754303 
21.29808606754303 
21.298084948512468 
21.29808606754303 
21.298083829481044 
21.29808271044875 
21.298084948512468 
21.29808606754303 
21.29808606754303 
21.297978077094374 
21.275890330103483 
21.298055853413278 
21.298084948512468 
21.298083829481044 
21.298025638650746 
21.29808271044875 
21.29808606754303 
21.298055853413278 
21.297868959363573 
21.298084948512468 
21.298080472381553 
21.298084948512468 
21.297268944191753 
21.298079353346655 
21.298084948512468 
21.298055853413278 
21.29808606754303 
21.298084948512468 
21.298083829481044 
21.298083829481044 
21.298055853413278 
21.29807767479268 
21.298083829481044 
21.298054734359283 
21.29808606754303 
21.29808606754303 
21.298084948512468 
21.298051377192092 
21.29808606754303 
21.298055853413278 
21.29808606754303 
21.298083829481044 
21.298084948512468 
21.298084948512468 
21.298083829481044 
21.29808606754303 
21.298084948512468 
21.29808606754303 
21.29807823431089 
21.298024519573314 
21.298084948512468 
21.298084948512468 
21.29808606754303 
21.29808606754303 
21.29808606754303 
21.29808606754303 
21.29808606754303 
21.29802284095554 
21.29808606754303 
21.298083829481044 
21.298083829481044 
21.29727006385543 
21.298055853413278 
21.297268944191753 
21.29727006385543 
21.298083829481044 
21.29802284095554 
21.298084948512468 
21.298084948512468 
21.29808606754303 
21.298083829481044 
21.29805249624869 
21.298055853413278 
21.29808606754303 
21.29808606754303 
21.29808606754303 
21.29808606754303 
21.298023400495016 
21.29808606754303 
21.298084948512468 
21.29808606754303 
21.29808606754303 
21.298084948512468 
21.297978077094374 
21.298055853413278 
21.29807823431089 
21.29808271044875 
21.29808271044875 
21.29808606754303 
21.298023400495016 
21.298055853413278 
21.29808271044875 
21.29808271044875 
21.298023400495016 
21.298073198639198 
21.298083829481044 
21.29808606754303 
21.298055853413278 
21.298082150932277 
21.298084948512468 
21.29808271044875 
21.29808606754303 
21.298084948512468 
21.298084948512468 
21.298084948512468 
21.29723983263123 
21.29805361530442 
21.298083829481044 
21.29802116233581 
21.298083829481044 
21.298083829481044 
21.298055853413278 
21.29808606754303 
21.29808606754303 
21.29808606754303 
21.298054734359283 
21.298025638650746 
21.29807823431089 
21.298083829481044 
21.29808271044875 
21.29807823431089 
21.29808606754303 
21.298055853413278 
21.298055853413278 
21.298083829481044 
21.298055853413278 
21.297946741565124 
21.29808606754303 
21.298054734359283 
21.298083829481044 
21.29808606754303 
21.29808606754303 
21.298083829481044 
21.298025638650746 
21.298083829481044 
21.298083829481044 
21.298084948512468 
21.298083829481044 
21.29807823431089 
21.298084948512468 
21.298084948512468 
21.298083829481044 
21.29808606754303 
21.297268944191753 
21.298025638650746 
21.29808271044875 
21.29808271044875 
21.298051377192092 
21.298084948512468 
21.29808606754303 
21.29805361530442 
21.298083829481044 
21.29808271044875 
21.298084948512468 
21.29808606754303 
21.29808606754303 
21.29805361530442 
21.298084948512468 
21.29808271044875 
21.29808606754303 
21.275890330103483 
21.29808606754303 
21.29808606754303 
21.29808606754303 
21.29808606754303 
21.298079353346655 
21.29808271044875 
21.298083829481044 
21.298084948512468 
21.298083829481044 
21.29808606754303 
21.29807599623675 
21.29808606754303 
21.298084948512468 
21.29808606754303 
21.298083829481044 
21.29808606754303 
21.298083829481044 
21.29808606754303 
21.298025638650746 
21.298025638650746 
21.29805361530442 
21.298083829481044 
21.298084948512468 
21.298084948512468 
21.298079912864214 
21.298083829481044 
21.298084948512468 
21.298055853413278 
21.298055853413278 
21.29808606754303 
21.29808606754303 
21.29808606754303 
21.292358708164482 
21.298084948512468 
21.298083829481044 
21.29808606754303 
21.29808606754303 
21.297208481062935 
21.298084948512468 
21.275890330103483 
21.29808606754303 
21.298084948512468 
21.29808606754303 
21.298083829481044 
21.298051377192092 
21.298084948512468 
21.298083829481044 
21.298082150932277 
21.29727006385543 
21.298083829481044 
21.298083829481044 
21.29808606754303 
21.297268944191753 
21.298079353346655 
21.29807823431089 
21.298082150932277 
21.29808606754303 
21.29808606754303 
21.29808606754303 
21.29808606754303 
21.297261106521706 
21.298083829481044 
21.29808606754303 
21.298084948512468 
21.29808606754303 
21.298055853413278 
21.298079912864214 
21.298055853413278 
21.29807599623675 
21.298084948512468 
21.29808606754303 
21.29808606754303 
21.298054734359283 
21.298084948512468 
21.298051377192092 
