35.603337580374046 
35.634261439048785 
36.01012437863046 
35.486808781985324 
35.98208254996639 
35.22694514257672 
35.88971051891716 
35.73960132804248 
36.04746786185213 
35.330126488055555 
36.0033852467976 
35.497593487493994 
35.764307179199186 
35.57814898625643 
35.36595002249321 
35.87720032248471 
35.02771959087588 
36.00706567669793 
36.03366342239842 
35.465926810217205 
35.806064803278666 
35.314312143625735 
35.94774613657615 
35.86748311998382 
35.710343058399836 
36.00706567669793 
35.079654030895036 
35.34626944550568 
35.80235744728832 
35.52500341445095 
36.06718704615885 
35.819158671259615 
36.096387450154324 
35.51098796051815 
35.95474235788205 
35.453785582419016 
35.62537671297775 
35.97637541648942 
35.86053437752844 
35.59206292008803 
35.772703021236275 
35.80296041414363 
35.77177570270912 
36.07907135463734 
35.25823563100466 
35.87551820348351 
36.06258458873057 
35.85871267862084 
35.85075811938786 
35.97621337583009 
35.784107742202316 
35.54123412335358 
34.90445991524944 
35.51413457383605 
35.987493609067634 
35.812919646888055 
35.844658527256875 
35.891094362028554 
35.71183341212115 
35.45456273626072 
35.9971057875397 
35.89166856246207 
36.06259951231077 
35.8170285825521 
35.761656720749606 
36.02036454044019 
35.74008387428012 
34.948664878302935 
36.028731928867934 
35.9030261676489 
35.57790287834266 
35.72377229026005 
35.19357977546133 
35.811931071609514 
35.726776269333506 
34.94701162283437 
35.52119230685962 
35.98913804108489 
35.940089621743105 
35.87642023462016 
35.87805805021935 
35.85229374759691 
36.03399686192814 
35.51350053704762 
36.03282594232976 
36.0325364780791 
35.75031146065104 
35.777120211569574 
35.980779262814714 
35.515013600711725 
35.32542997584525 
35.8629149032153 
35.94787395666088 
35.35047901776958 
35.762833213031435 
35.545711173418745 
35.95562967734269 
35.83279555919567 
36.10492043723532 
35.5706991371645 
35.78506544276483 
35.86624775644928 
35.18147616660019 
36.047738458193 
35.441420777724616 
35.903749354307564 
35.49070009376853 
35.20656678570565 
35.51686422981914 
36.01644252447177 
35.78072183352195 
35.931065464002444 
35.55828667784349 
35.58478388985316 
35.77372818914179 
35.34708854369694 
34.98180120391202 
35.31104254565461 
35.617260100045534 
35.7419233000542 
35.497593487493994 
35.87540811096477 
36.04434017110955 
35.79094206864377 
36.06488115727655 
35.90301814485172 
35.285968930490846 
35.98268930848856 
35.53150445482494 
35.555968734410285 
35.058083689930044 
36.04815830930021 
35.605145713086685 
36.0511600288519 
36.04201782051585 
36.03117213754928 
35.68406766806428 
35.3499265643227 
35.02162628581956 
36.0721349322417 
35.97315198691571 
35.6214348425252 
35.57387530334386 
35.56468063158696 
35.94511653283887 
35.8078435481106 
36.05425524697022 
35.96719427497011 
35.58806229028907 
36.026114486864806 
36.042861945486784 
35.75234554646087 
35.25015029260945 
35.85816698934755 
35.608909361628534 
35.3029471265663 
35.785616777554694 
35.556364453755684 
35.77704563259791 
35.95015044581627 
35.830033107325704 
36.07898595581926 
35.7618353244172 
35.763285879459914 
35.297827938931235 
35.98102030363398 
36.029117085608426 
35.81719471174912 
35.77572768207792 
35.44212518144725 
36.04057041519652 
36.006935727477526 
35.53542407942307 
35.88439500094794 
35.96234596242537 
35.71994663169565 
36.04718532903399 
35.38844262413266 
35.34111850967161 
35.784097063443085 
35.81055307806724 
35.22641040789345 
35.64759042238159 
35.92970184933993 
35.509444857179915 
36.014640266297974 
35.62904439316049 
35.96897473798042 
35.72290763518493 
35.6349660396959 
35.73658615415591 
35.58920632813397 
35.21904411277518 
35.51686422981914 
35.992211095020735 
36.0905441867403 
35.76687158430227 
35.78891665389459 
35.953289003749624 
35.765513220545365 
33.91231577123624 
35.83264130491933 
35.51445327909906 
35.85077139050707 
36.0560118073025 
35.96496345907088 
35.18251781475532 
36.02303102402567 
35.80412327429635 
36.07209254735001 
36.005971518643676 
35.25868261218239 
35.69054981539603 
35.522036457075444 
36.00773539238678 
35.99733740710025 
35.987208897103656 
36.00390505294099 
36.068044410575006 
35.55025024527959 
35.28935480122921 
36.0508390121181 
35.83505316961983 
35.86539695144641 
35.59882524207057 
35.84590009702806 
35.27902735105471 
35.79980057772468 
35.81887856636967 
36.054872784782944 
35.75916614223754 
35.54935065530671 
35.798604040984266 
35.86532229779587 
35.681937970002785 
35.53899674329082 
35.80443530157265 
35.29174601174658 
35.19940401268976 
35.79342268108998 
35.7610587771099 
35.81515922068968 
35.305620141687754 
35.89481256244927 
35.45300217263675 
35.19561965821374 
35.35596699766996 
35.9881748770732 
35.61141749452832 
35.8056659958491 
35.7610587771099 
36.10237397136452 
35.9477433731521 
35.29653037534005 
35.63032047691054 
35.7337784968212 
35.61214217224383 
35.98244134121173 
35.77300134537542 
35.542022674397046 
35.404560848240685 
35.948966856154335 
36.05134203263132 
34.50949277407128 
35.896278474746104 
35.19592407898055 
35.26427212350301 
35.946365344776275 
35.82922701437971 
35.35064953612492 
35.3581354937413 
35.31019260325585 
35.49179616390289 
35.34615727632285 
35.87655318699383 
35.55987556090888 
35.47877510932147 
35.79461373058656 
35.86206777090754 
35.770594239984554 
35.742670031079584 
35.75906777626661 
35.5826717719217 
35.80584801666626 
35.50601581962894 
35.81847620501679 
35.62775651815886 
35.86227981621438 
35.03613342067184 
36.02036454044019 
35.99772641149034 
35.59827109898563 
36.01720358947539 
35.582029821864786 
35.74367430489815 
36.03017277372571 
35.455361158397 
36.02036454044019 
35.74110285398376 
36.10492043723532 
36.02574170125788 
35.54252990360373 
35.8020934300064 
36.01367887815497 
35.69317358247505 
35.51137366351517 
36.01688516244357 
36.05269426951609 
36.019972893416906 
35.80618957639501 
35.343355193733345 
35.80266785763274 
35.81893218820716 
35.5026790076139 
34.92858959218645 
35.83622390881828 
35.76731673397701 
35.86532229779587 
35.93050582558252 
36.10079267736663 
35.38647784503392 
35.83479859762386 
36.02300190557469 
35.73854542633812 
35.9090942246593 
35.30252683654927 
35.78434483121198 
35.719577089239955 
35.84678213410999 
36.04664043721591 
36.018615322367054 
34.91451137107628 
35.72667525969134 
35.72283742327635 
35.51576928435825 
35.99639090338162 
35.27023503035758 
35.87756266714384 
35.62744320330826 
35.59913165773312 
35.61682262568159 
35.560231866071675 
35.680179157486805 
35.82042316814412 
36.07756678270603 
35.93513119967435 
34.95383842705671 
35.83903520321404 
36.04693428073274 
36.071008212889744 
35.8275514170116 
35.890654093889225 
35.77322787269719 
35.66851256397199 
34.52980622431289 
35.97643814186073 
36.021225673403336 
35.27204250553298 
35.88578394150694 
35.68853477718427 
35.81452048958597 
35.580568847730525 
35.7395091625008 
35.65172935832465 
36.021225673403336 
35.87153303126153 
35.86226185315739 
34.935045340188765 
35.79348362342919 
36.03083619246007 
35.97930502545664 
35.66588559545352 
35.79359533764351 
36.07898595581926 
35.7618353244172 
35.763285879459914 
35.297827938931235 
35.98102030363398 
36.029117085608426 
35.81719471174912 
35.59920128383143 
35.9799361998011 
36.019791916819855 
35.97224059219734 
35.80208427321345 
35.56753496956115 
35.54516898060009 
35.89638360219603 
35.728507228653 
36.06728852826667 
35.94239118322084 
35.63273124035849 
35.79304483052672 
35.58788017017075 
35.793582771691746 
35.58476883693791 
36.024219525153924 
35.96217683004629 
35.803307062934955 
36.006933292529666 
35.60742807510513 
36.05232612244854 
35.957423757220944 
35.204569322106444 
35.75755018477777 
35.24055610396972 
35.75275822355866 
36.0535510432686 
35.80564008599232 
35.40302782591872 
35.43641635310591 
35.26667163785362 
36.023359342804326 
35.65595500065788 
35.98559022102238 
35.597117279605 
36.00221222267443 
35.70233217324457 
36.03083619246007 
35.52083104506006 
35.74743525788874 
35.40645588031131 
35.57961523730531 
35.21867050950181 
35.84988661167046 
35.95987442223442 
35.58342927900012 
36.04521950493587 
35.81224717287456 
36.06011803430578 
36.00532199034667 
34.951823926505334 
36.021225673403336 
35.95424317637165 
35.49517366792561 
36.07163747647948 
35.75905362347097 
34.895251778163775 
35.53963490422021 
35.967021054186105 
36.05623362471139 
35.563033632395864 
35.947462120689295 
35.597435457191764 
35.61608045954401 
35.497593487493994 
35.66113902403154 
35.99110425020178 
35.881607983536554 
35.53097942015637 
35.87720032248471 
35.7706115276054 
36.03328284234609 
36.0126389625267 
35.8284901688736 
36.04704680214795 
35.25508427919439 
35.87744020658238 
35.37445930737949 
35.36725950453148 
35.27204250553298 
35.88578394150694 
35.69715669306431 
35.83114721009612 
35.56089025759059 
35.72560526756903 
35.777595430812134 
35.60185307049099 
35.57202584410993 
36.04993643368055 
36.07430125216958 
35.98100448958713 
35.618774127474595 
36.00517447614424 
36.07802327103565 
36.049240178247125 
36.03461286536745 
35.771872358597705 
36.04711422011541 
36.00382706638432 
35.74723496538561 
35.486844123821 
34.960190399058305 
35.841574557653054 
35.81308305914083 
35.321978333100915 
35.31092376170172 
35.96393478801438 
35.835367238088715 
35.35652052791545 
35.25251658703899 
35.8707130241224 
35.616457166527425 
35.85816698934755 
35.329276161736 
35.531485896919435 
35.5522478739031 
35.819066860487126 
36.03937543192734 
35.6513147075009 
35.740118254875334 
36.03461286536745 
35.53542407942307 
35.718918882965035 
35.975965013122384 
35.85811528321228 
35.296671395362026 
35.28374806984944 
35.860257609002446 
35.31193173728623 
35.89117201029105 
35.54318928491888 
35.75289441778543 
35.50710056517388 
36.02274582948866 
35.98896136426546 
35.509104831268886 
35.827862890355746 
36.06130410269584 
36.000754266246176 
35.69423591265957 
35.505119361493556 
35.94011768269525 
35.58639282600731 
36.08582342350212 
35.951240220327854 
35.618774127474595 
35.588811340782144 
35.52119230685962 
35.80788809846328 
36.00152818553641 
36.04930642529864 
36.03461286536745 
35.25289083387632 
35.1004726513261 
34.98136572316694 
35.56046646087839 
35.4698354126576 
35.832582160025986 
35.87091480031549 
35.79020634873458 
35.82563881383451 
35.970164507448814 
35.86820283347509 
35.86106822025988 
36.049240178247125 
35.56404230264464 
35.635262684360505 
35.57176961451499 
35.579077066305054 
35.873877208611695 
35.90895517549801 
35.826950667348505 
35.88394737381303 
36.03096555584819 
35.272141510765174 
35.77422297739149 
35.212959533177205 
35.7873531836078 
35.94239926056272 
35.71566806561083 
35.64088571642249 
35.28944587111402 
35.92551061584004 
36.073608739244506 
35.78517008303757 
35.89367013090948 
35.89638360219603 
35.89123921286792 
35.37375382664732 
35.58251722609142 
35.982424189876696 
35.876633336846425 
35.84955566406488 
35.80657999974629 
35.78333458806948 
35.436152518893 
35.443965555948694 
35.74366838664914 
35.599552109746476 
35.805457536221006 
35.793582771691746 
35.61561697771794 
34.82284508031578 
35.57337079370136 
35.8672619928939 
35.951240220327854 
35.5963400251865 
35.80670269354851 
35.749683159285404 
36.03461286536745 
36.031471111202755 
35.58798598220586 
36.00271277992771 
35.87392504939165 
34.964776635793704 
35.9916754138057 
35.64507687998059 
35.56450574531611 
36.00420497033856 
35.77360920974223 
35.83645458090066 
36.04926721401183 
35.9899286833146 
35.311561066113164 
35.315050387124124 
36.0062005657996 
35.98064442778382 
36.00471096209985 
35.79764896495439 
35.938076998378094 
35.77879522494702 
35.637230906254025 
35.81422848299902 
35.616859496687965 
35.404560848240685 
35.80670269354851 
35.759983684164276 
35.896360918617845 
35.804741230770325 
36.066631279309064 
35.66199778582883 
35.54954902515871 
36.057840591562595 
35.52129655096658 
35.974306342155 
36.124957944923864 
36.03042429398189 
35.811428044039694 
36.012386953511616 
35.87160324687276 
36.00271277992771 
35.32112065668376 
35.27066057549137 
36.04664043721591 
35.85588539636872 
35.54121070938031 
35.778285422289386 
36.031471111202755 
35.64846464093426 
35.500351893303275 
35.876006183068036 
36.02530846976418 
35.752461414622935 
35.66186159792215 
35.73291394551732 
35.893967711353895 
35.77329715860959 
35.816364557520316 
36.02762042305402 
36.04422232046836 
35.50181939389902 
35.28200393484825 
35.799121753825546 
35.97257511240771 
35.85816698934755 
35.500351893303275 
35.79592075981183 
35.94174240989635 
35.949948138616406 
35.24971987851701 
35.31104254565461 
35.33097450800937 
35.53390451013034 
35.6400432699107 
35.536268323595635 
35.58616490389462 
35.49070009376853 
35.800375064938294 
35.987375723229576 
35.59367235741974 
35.97420461991018 
35.29599325938578 
35.96237907085755 
35.98439237012986 
35.80451724975137 
35.67097565077401 
35.52525309048939 
35.80412905958904 
35.65054696588207 
35.99630087691798 
35.25656914138452 
35.59296375658098 
36.00239194381152 
36.10190655051847 
35.404560848240685 
35.589289009983396 
35.87410141708922 
35.59695950197836 
35.84147663391225 
36.03480380117971 
35.772654525547416 
36.10237397136452 
35.30628930351784 
36.03233840980239 
35.73612651425751 
35.50780220658866 
35.900716934248926 
35.69828041736404 
35.947959650593965 
35.49069379825097 
35.71347111752377 
35.68853477718427 
36.063107513450134 
35.71469884235409 
35.620481739339716 
35.5951861698097 
35.186981675841594 
