5.754887502163469 
5.754887502163469 
5.754887502163469 
5.754887502163469 
5.754887502163469 
5.754887502163469 
5.754887502163469 
5.754887502163469 
5.754887502163469 
5.754887502163469 
5.754887502163469 
5.754887502163469 
5.754887502163469 
5.754887502163469 
5.754887502163469 
5.754887502163469 
5.754887502163469 
5.754887502163469 
5.754887502163469 
5.754887502163469 
5.754887502163469 
5.754887502163469 
5.754887502163469 
5.754887502163469 
5.754887502163469 
5.754887502163469 
5.754887502163469 
5.754887502163469 
5.754887502163469 
5.754887502163469 
5.754887502163469 
5.754887502163469 
5.754887502163469 
5.754887502163469 
5.754887502163469 
5.754887502163469 
5.754887502163469 
5.754887502163469 
5.754887502163469 
5.754887502163469 
5.754887502163469 
5.754887502163469 
5.754887502163469 
5.754887502163469 
5.754887502163469 
5.754887502163469 
5.754887502163469 
5.754887502163469 
5.754887502163469 
5.754887502163469 
5.754887502163469 
5.754887502163469 
5.754887502163469 
5.754887502163469 
5.754887502163469 
5.754887502163469 
5.754887502163469 
5.754887502163469 
5.754887502163469 
5.754887502163469 
5.754887502163469 
5.754887502163469 
5.754887502163469 
5.754887502163469 
5.754887502163469 
5.754887502163469 
5.754887502163469 
5.754887502163469 
5.754887502163469 
5.754887502163469 
5.754887502163469 
5.754887502163469 
5.754887502163469 
5.754887502163469 
5.754887502163469 
5.754887502163469 
5.754887502163469 
5.754887502163469 
4.754887502163469 
5.754887502163469 
5.754887502163469 
5.754887502163469 
5.754887502163469 
5.754887502163469 
5.754887502163469 
5.754887502163469 
5.754887502163469 
5.754887502163469 
5.754887502163469 
5.754887502163469 
5.754887502163469 
5.754887502163469 
5.754887502163469 
5.754887502163469 
5.754887502163469 
5.754887502163469 
5.754887502163469 
5.754887502163469 
5.754887502163469 
5.754887502163469 
5.754887502163469 
5.754887502163469 
5.754887502163469 
5.754887502163469 
5.754887502163469 
5.754887502163469 
5.754887502163469 
5.754887502163469 
5.754887502163469 
5.754887502163469 
5.754887502163469 
5.754887502163469 
5.754887502163469 
5.754887502163469 
5.754887502163469 
5.643856189774724 
5.700439718141093 
5.754887502163469 
5.754887502163469 
5.754887502163469 
5.754887502163469 
5.754887502163469 
5.754887502163469 
5.754887502163469 
