37.58283724920577 
35.403009642997816 
37.64720492027192 
36.76927534541127 
0.0 
35.56308476389929 
0.0 
35.718580464389326 
36.97493487654344 
36.35800164200749 
36.84927214879538 
36.816935014135694 
35.18009769610006 
37.55649452888336 
37.93226434629933 
36.548899083867404 
35.2752445232165 
36.234959020679035 
35.53840460747469 
36.452159349015524 
35.68999148322401 
35.382499270988696 
36.49253875138028 
37.10334375558966 
0.0 
35.875588728462446 
35.37836665878768 
36.48329371695893 
36.778388653942116 
36.102684541372064 
35.27353825329951 
0.0 
0.0 
35.832528083917595 
35.33258026524082 
36.625092609451904 
0.0 
36.67401023040539 
36.56731852423238 
36.34669881167747 
0.0 
0.0 
35.29585539046384 
35.408438373619006 
35.29042237776276 
35.65761742228641 
35.20084692979219 
35.286616381612355 
0.0 
36.07775600916898 
36.451882628532715 
36.49044946327674 
0.0 
37.04396293409111 
36.61830684190148 
37.537627231228164 
35.713553963338285 
37.148979807190244 
36.96341851883788 
36.40253494626364 
35.55453681835455 
0.0 
36.626223196264746 
36.723585347053444 
35.65039132575685 
36.431813390801615 
35.89948470870227 
37.93209672822198 
0.0 
36.23552678536152 
36.84748904637987 
37.32665766014429 
34.99241397219506 
0.0 
37.839229264996526 
36.33944027480172 
35.245634738549995 
36.43577381821831 
0.0 
36.51933607671576 
36.49596962888213 
0.0 
0.0 
0.0 
34.55206647350724 
35.442823766894215 
36.94512506127659 
0.0 
35.618169410360956 
35.38169954842414 
36.6372558059959 
36.89819995664305 
0.0 
0.0 
35.627698679446766 
0.0 
37.247039820882875 
35.574263499516164 
35.45942280358341 
37.18555413975512 
0.0 
0.0 
36.46682282055216 
0.0 
35.650262238119545 
36.31836900578217 
36.14213449656916 
35.65761742228641 
37.31734428777638 
35.50956125879428 
36.14490145620044 
35.786544641572576 
35.545119433697664 
36.40958770531496 
34.84794421788852 
0.0 
0.0 
36.46227600046313 
0.0 
35.08811792920858 
36.84229109356507 
36.84692525414737 
36.41297228653806 
0.0 
