35.84491896861427 
35.023100809954684 
35.993536270747775 
35.633542325905836 
32.97031800164387 
34.945483205477764 
0.0 
34.54778094916137 
35.71647253383229 
35.60290339866517 
35.53355284931215 
35.37176596657706 
34.666135240144044 
36.079544356703614 
35.71598790687227 
35.80430254013958 
34.94836965422287 
35.02743736015597 
33.99325692129514 
35.53036874886498 
34.88503582517226 
35.59623135743125 
35.47805359585358 
35.36011387615463 
35.26923953761792 
34.96330148296786 
35.76458764654613 
35.54769248904661 
35.002710462877936 
35.035990966637044 
34.64868082453054 
34.90454057468545 
34.47694290446663 
34.84167282744965 
35.23558602344376 
35.31786124185399 
35.212331078327665 
35.70168691811004 
35.768048288000365 
34.543172445125045 
34.717979557311786 
34.26269889436906 
35.211286682462124 
35.296849867728874 
34.58983515035738 
32.842309448057584 
35.5976719619699 
34.09271622902173 
34.54249105122681 
34.95179583693864 
35.23546129654405 
35.80725418035042 
33.10038082919744 
35.73874255882275 
35.551865119116414 
36.06094562345305 
35.291003496863866 
35.38385623857838 
35.643189858381504 
35.28324503251216 
35.02966778610367 
33.9992829056667 
35.777405227056065 
35.323133754402086 
34.526642786554845 
35.69862901632429 
35.294298417090275 
35.89963507700937 
34.02964099304786 
34.66445852918128 
35.24320974765202 
35.74485702823654 
35.331126408703156 
34.98225435439409 
36.01796783559143 
35.510241790248266 
34.912554815278675 
35.25881983693242 
32.823591461801904 
35.826915977114666 
35.67622307103838 
34.97507289910049 
34.33109198842065 
32.58023458656087 
34.61422869671857 
35.23995600164625 
35.37630386125578 
34.4100922312349 
34.93956802103789 
34.54986684394327 
34.49581420252333 
35.35780678274112 
34.99514136140959 
34.87404028346848 
32.54366371302224 
33.86531169821953 
35.776294174799624 
34.527998675809975 
35.185406510345715 
35.57889389652489 
33.88200311095002 
34.4749538175086 
35.825649318296435 
32.931503930312886 
34.471066801893706 
35.32424209815804 
35.77089917464402 
34.45077489174537 
35.76738415214176 
34.4746514368255 
35.05191699740384 
34.99867408784314 
34.9963423830869 
35.96464723268271 
35.33267559277146 
33.917270864669995 
34.034386793598664 
34.85360331160449 
33.82785845161224 
34.855274049359735 
36.04012705201565 
35.81243014919482 
35.55093914449813 
32.92472904094828 
