16.224039369541785 
16.224039369541785 
16.224039369541785 
16.224039369541785 
16.224039369541785 
16.224039369541785 
16.19629474502826 
16.224039369541785 
16.224039369541785 
16.224039369541785 
16.224039369541785 
16.224039369541785 
16.19629474502826 
16.224039369541785 
16.224039369541785 
16.224039369541785 
16.224039369541785 
16.224039369541785 
16.22098285108178 
16.224039369541785 
16.224039369541785 
16.224039369541785 
16.224039369541785 
16.224039369541785 
16.224039369541785 
16.224039369541785 
16.224039369541785 
16.224039369541785 
16.224039369541785 
16.224001674198107 
16.19629474502826 
16.224039369541785 
16.224039369541785 
16.224039369541785 
16.224039369541785 
16.224039369541785 
16.224039369541785 
16.224039369541785 
16.224039369541785 
16.220907299509875 
16.224039369541785 
16.19629474502826 
16.224039369541785 
16.224001674198107 
16.194141238863136 
15.795202594832023 
16.224039369541785 
16.224039369541785 
16.224039369541785 
16.224001674198107 
16.224039369541785 
16.224039369541785 
16.224039369541785 
16.224039369541785 
16.224039369541785 
16.224039369541785 
16.224039369541785 
16.224039369541785 
16.224039369541785 
16.22396397786948 
16.224039369541785 
16.19629474502826 
16.224039369541785 
16.224039369541785 
16.224039369541785 
16.224039369541785 
16.224039369541785 
16.224039369541785 
16.224039369541785 
16.224039369541785 
16.224039369541785 
16.224039369541785 
16.224001674198107 
16.224039369541785 
16.224039369541785 
16.224039369541785 
16.223021249395924 
16.224039369541785 
14.210290836058007 
16.224039369541785 
16.224039369541785 
16.224039369541785 
16.224039369541785 
16.224039369541785 
16.224039369541785 
16.224039369541785 
16.224039369541785 
16.224039369541785 
16.224039369541785 
15.79383188721593 
16.223021249395924 
16.223926280555858 
16.224039369541785 
16.224039369541785 
16.182219748183098 
16.224039369541785 
16.224039369541785 
16.224039369541785 
16.224039369541785 
16.224039369541785 
16.220926187773777 
16.224039369541785 
16.224039369541785 
16.224039369541785 
16.224039369541785 
16.224039369541785 
16.224039369541785 
16.224039369541785 
16.224039369541785 
16.224039369541785 
16.224039369541785 
16.224039369541785 
16.223021249395924 
16.224039369541785 
16.224039369541785 
15.181191088573824 
15.210252779764968 
16.224039369541785 
16.224039369541785 
16.224039369541785 
16.224039369541785 
16.224039369541785 
16.224039369541785 
16.224039369541785 
