31.28688502358204 
30.466003420722288 
31.28297578474523 
31.193802630398302 
29.920970286174253 
30.75399337079625 
0.0 
30.948096414958346 
31.259194770452407 
31.054991150245414 
31.2663259506871 
31.220744696768932 
30.42536618554444 
31.28367893428539 
31.057289970024925 
31.28400001465524 
30.735357048556036 
31.03537930449808 
30.009981169757218 
31.04862145526373 
31.03343052871269 
31.27456984180262 
31.261143214870614 
31.212666261872354 
31.25017988564411 
31.024384804042157 
31.264540491667447 
31.282804346103486 
30.755720854173017 
30.769845900984283 
30.052079882106593 
30.77707122184107 
30.763259978109566 
30.981647716507915 
31.24823850884811 
30.777609000654824 
31.021897879236597 
31.280057226810992 
31.26014628029941 
30.43796441844249 
30.75769358572066 
30.43837202397605 
30.77157277989899 
31.034793059740252 
30.39432853168277 
28.467859125446253 
31.04339140267188 
30.41299292012927 
31.214057051608947 
31.003218387598245 
31.0210085622275 
31.282877087649734 
30.95137267220442 
31.28533012380782 
31.191467179136563 
31.2852657298407 
31.030095606586986 
31.27068073002584 
31.278103497873353 
31.011633228671727 
31.017655650304462 
30.39369299754654 
31.266092885753608 
31.035845463131803 
31.013643027804928 
31.258679385799287 
30.787860710191556 
31.28705427833412 
30.407907845505786 
30.72100128487261 
31.222334394259605 
31.261904388062785 
31.034705250794275 
31.024831668597503 
31.285188137496693 
31.050550416418506 
30.754001716305133 
30.788544304918076 
28.412314283439986 
31.284848264997777 
31.279669904023724 
31.005153400412443 
31.223487945339123 
30.39648899699873 
30.425099153500092 
31.235034918969554 
31.28042253568082 
30.766380996726888 
31.232856754870426 
30.04890662078887 
30.72269704365571 
30.95373463300863 
30.99709655060656 
30.77202847498306 
29.408316905413475 
30.425387493506346 
31.263817177711232 
30.778998865748374 
31.257031438817894 
31.265789240003045 
30.74235357139791 
30.43855383175465 
31.26822346302774 
29.43494116434257 
30.78835504404012 
30.985658228161682 
31.284758757193668 
30.745062328623625 
31.261247557970833 
30.451327012673023 
31.026523571795313 
31.21975569285383 
30.763114082803273 
31.279914196578943 
31.25107049358113 
29.440820069316718 
29.469760417810296 
31.005215918100866 
30.43756704134927 
30.76252803578145 
31.283067463744054 
31.267781856219052 
31.26924612883799 
30.66405103466756 
