31.27929201021475 
31.285503282691003 
31.24288306791 
31.279313396524728 
31.284388241521217 
31.26987392554275 
31.281593395672775 
31.282519014563224 
31.262528616193727 
31.286675560370444 
31.27690901806261 
31.250980807347617 
31.28419108065347 
31.26817635859011 
30.78944011835632 
31.282737204536748 
31.2674716177566 
31.251505114973174 
31.286998750251296 
31.2805847691345 
31.2481121244414 
31.24548445501212 
31.270893820029222 
31.282384849780325 
31.249583435686063 
31.280601633251802 
31.2854185416874 
31.242821805162038 
31.280868574067785 
31.05318596321493 
31.284441789008397 
31.284656179689133 
31.253791550806756 
31.277938436903344 
31.282257395600137 
31.266559483393685 
31.27026280564843 
31.250546954635038 
31.281232475190645 
31.283736212217047 
31.252769044047632 
31.271351294965157 
31.28179598477191 
31.226938642139036 
31.282511936999953 
31.0303405308623 
31.211811393339854 
31.222246194890662 
31.282150475017517 
31.05563499047525 
30.788953742079713 
31.248748838469645 
31.214382539891304 
31.285540609199295 
31.25516351781472 
31.283085403090638 
31.2853225980687 
31.278615849732464 
31.24250790894007 
31.034296790120592 
31.285807998402717 
31.283701172882946 
31.24384942994426 
31.263128822675093 
31.24895661636119 
31.24710643153614 
31.280773261388394 
31.280552205101056 
31.249548657207153 
31.286998750251296 
31.034934982145646 
31.24830140958228 
31.285560342180535 
31.26408425965677 
30.79005949577919 
31.226938642139036 
31.24897781660825 
31.283333379059073 
31.28313718919705 
31.284321370012336 
31.278246370911553 
31.283168978335826 
31.267753888423307 
31.283571450624724 
31.044524861941497 
31.284285542783856 
31.281589428504105 
31.26793497281592 
31.282214801564937 
31.24937222594511 
31.202257053134584 
31.265775493603282 
31.268477591045908 
31.279299763992746 
31.0517224088527 
31.284915767718577 
31.26563722495075 
31.220132056352806 
31.25750715662416 
31.219459133213167 
31.27975513387602 
31.0338804468387 
31.28273310024133 
31.25038133770683 
31.21891369758186 
31.033921915700855 
31.270109684671464 
31.266344392102628 
31.259941177737396 
31.244780357517655 
31.24830648966504 
31.259694158862413 
31.278948218060677 
31.26678786406729 
31.285744427606712 
31.281127055936704 
31.285104841788183 
31.269243555162575 
31.26564997404756 
31.250889738547897 
31.280868574067785 
31.018043696298815 
31.281516143353098 
31.281378618980295 
31.267759006490667 
31.285188472692067 
31.278602952186656 
31.250244211571193 
31.268874585749955 
31.25666436523792 
31.277964149016686 
31.27023937462637 
31.279901216568568 
31.266259452725286 
31.20908279129579 
31.044623775439913 
31.244781209103138 
31.269384772195828 
31.26629533884681 
31.28435260957469 
31.26193953779765 
31.26637578263007 
31.234997748438936 
31.05273679121957 
31.25485892584106 
31.26528459853596 
31.281374558908812 
31.25248907912005 
31.252891091563313 
30.989227428948233 
31.250732362294027 
31.282533235312133 
31.264733315575032 
31.283571450624724 
31.283000823069887 
31.283740395335272 
31.257004350225333 
31.054413719808807 
31.284576324670976 
31.28003260542346 
31.20460593854336 
31.235079410124275 
31.267748366336377 
31.28422549076558 
31.2629786847302 
31.27867479716017 
30.99706789724043 
31.248211825362063 
31.28470860818352 
31.280900486775494 
31.280668478854967 
31.247117219927976 
31.221715299396845 
31.280528761948883 
31.278141421303513 
31.206597954997214 
31.282671258273474 
31.286941029041007 
31.285560062188164 
31.2776140159993 
31.232513829698846 
31.28025056597964 
31.25489621029022 
31.251588489682508 
31.220455093633753 
31.28297219794631 
31.270325561123016 
31.285428889156044 
31.28162058358324 
31.269598877931244 
31.267935242859295 
31.267894143795907 
31.263212427908528 
31.258611136723147 
31.26576298309781 
31.25485892584106 
31.28750387473102 
31.283031312732223 
31.267351348458057 
31.24808106201853 
31.23175593904987 
31.05275805353427 
31.265198847678082 
31.24797750974422 
31.285777479193264 
31.25348007086893 
31.266343051566675 
31.275697604926236 
31.27039837034019 
31.283701172882946 
31.2819320017846 
31.049799956718946 
31.27952006967984 
31.26317439773394 
31.264782832952868 
31.283431894254466 
31.284163632190022 
31.26781199014352 
31.277743185533858 
31.26246611765998 
31.231954676212396 
31.2647001926981 
31.265660026162106 
31.25074729959834 
31.267788403219757 
31.28420934862866 
31.28261687955311 
31.236717839453153 
31.05662421869136 
31.263955191776997 
31.284708356703366 
31.277851366372236 
31.20908279129579 
31.281297069881393 
31.283561367446254 
31.281232475190645 
31.277170857983464 
31.24071812539181 
31.250097299406946 
31.252389982989662 
31.26672679447171 
31.259941177737396 
31.285777479193264 
31.268614079795615 
31.27791465812367 
31.26151687799079 
31.268355550414533 
31.28552387106318 
31.282070239738115 
31.035127666768492 
31.280601633251802 
31.28233950967388 
31.282961489951226 
31.264315544476087 
31.278141421303513 
31.26993858895969 
31.247791540041522 
31.279654882992446 
31.283160369168623 
31.252142743963333 
31.282473167752475 
31.283380505125383 
31.252342601813833 
31.280868574067785 
31.053488256353088 
31.226855353007906 
31.254413026050635 
31.01127276611435 
31.253607446539004 
31.28005010230402 
31.267850417182252 
31.25313244932718 
31.285214127587306 
31.269055133707628 
31.285642735291425 
31.230366669552556 
31.264676219322055 
31.266787444720304 
31.281105270232242 
31.26518600962526 
31.28593847188857 
31.283610248320617 
31.251578081156833 
31.281426697207184 
31.24283339208203 
31.284516853970505 
31.28413814287829 
31.25485892584106 
31.26316459922338 
31.231312352100474 
31.251002769338637 
31.27748323086983 
31.27003631044003 
31.285094737894514 
31.281180602423614 
31.280431560007294 
31.23262861751746 
31.284088365672773 
30.975475069629482 
31.28406378208888 
31.260966577369405 
31.286133022289924 
31.20908279129579 
31.2669108140262 
31.26450367039281 
31.2816392643702 
31.27814115925787 
31.28369598633578 
31.283078602706578 
31.26871964834683 
31.280528761948883 
31.247791540041522 
31.20908279129579 
31.282599081843347 
31.283365977530845 
31.052102901054145 
31.258063906556526 
31.25787314162576 
31.286139832533298 
31.049111583032502 
31.283168533358968 
31.280773261388394 
31.282178553493583 
31.255006331249113 
31.252127216962123 
31.248640917372477 
31.284301130214473 
31.282519014563224 
31.26151687799079 
31.25418421053714 
31.283610248320617 
31.286391942076772 
31.280552205101056 
31.285731653151615 
31.286458476421515 
31.227851236654992 
31.259941177737396 
31.28511360476078 
31.252466790655266 
31.053208610996496 
31.281232475190645 
31.282884914951445 
31.285503282691003 
31.265900395460488 
31.25485892584106 
31.27036314202398 
31.251588489682508 
31.24892248252304 
31.283333379059073 
31.168827828887512 
31.270893820029222 
30.99706789724043 
31.266024062436923 
31.234090535834962 
31.258063906556526 
31.27947268284063 
31.285807998402717 
31.281892404672927 
31.285776008902843 
31.283807618809647 
31.284645077718594 
31.193291090242685 
31.2478644589263 
31.283472168897177 
31.266273126367302 
31.265775493603282 
31.243146022682648 
31.284649799237716 
31.28192011132725 
31.28206883306988 
31.267683871416338 
31.226343179869442 
31.284321370012336 
31.266541304420684 
31.275697604926236 
31.270596004922062 
31.279960579048236 
31.25032822961888 
31.264526376555775 
31.252472590922714 
31.21382531869919 
31.284626944867828 
31.25411460438757 
31.056152982380606 
31.220441203066922 
31.241674248283157 
31.246280816034194 
31.044524861941497 
31.26193953779765 
31.26050107829857 
31.279132925953093 
31.285263288225725 
31.248461167414728 
31.159620775386067 
31.269562611321437 
31.262764686633354 
31.269391046614555 
31.281581145387733 
31.2835215241553 
31.286941029041007 
31.276274158884465 
31.26481795288688 
31.25244111467497 
31.249491357488534 
31.27820877985929 
31.269562611321437 
31.246552597175107 
31.263101898152183 
31.0338804468387 
31.250008507361766 
31.25137006249427 
31.268477591045908 
31.26837660918001 
31.282519014563224 
31.283185542860597 
31.284558879840617 
31.28470860818352 
31.265589866663426 
31.271351294965157 
31.282363586839853 
31.285378061161037 
31.2475079465875 
31.28097265091818 
31.249436786257323 
31.249455408659202 
31.282977853665983 
31.28111797680301 
31.282519014563224 
31.03648577020517 
31.168827828887512 
31.28120673778331 
31.28330357367158 
31.278794256907453 
31.28215887475114 
31.24914685963891 
31.2839302872998 
31.055269000102218 
31.28179598477191 
31.267015352166787 
30.79005949577919 
31.28136093865362 
31.268877240374707 
31.224900418263083 
31.267582402024818 
30.773747266607185 
31.192666773289904 
31.28475343768153 
31.283967185518808 
31.242794259950546 
31.25025777351266 
31.030223388284707 
31.265551851605167 
31.284321370012336 
31.281516143353098 
31.28353376735824 
31.250520425060454 
31.268150021250253 
31.28659119057218 
31.268355550414533 
31.265161320397034 
31.28420934862866 
31.26563722495075 
31.285951394940067 
31.281182076299118 
31.28670392871615 
31.285566845373896 
30.9856397187247 
31.268889621310546 
31.21297087606956 
31.02324102676716 
31.251012640637462 
31.247413009722475 
31.28171489142437 
31.277964149016686 
31.278280373580817 
31.28575174117933 
30.774788111914724 
31.249491357488534 
31.268387253068404 
31.28337257011154 
31.263943600938518 
31.275697604926236 
31.248748838469645 
31.266363426461616 
31.25158165883149 
31.276910646572706 
31.017651279592595 
31.28165500863544 
31.281232475190645 
31.285503282691003 
31.22258069531155 
31.285751028616012 
31.284321370012336 
30.973820392197126 
31.04722354027177 
31.2778053493763 
31.030768811569462 
31.230825840021428 
31.24895661636119 
31.247780666164658 
