36.75425309428875 
34.723399000563546 
36.956226342877564 
36.21716083193729 
37.18125682355497 
35.65761742228641 
37.61285847757144 
35.985120858773236 
37.74925658136537 
35.53803251240722 
37.05173102723029 
34.440671534564004 
36.51432615527073 
36.136301909341135 
36.331538601733676 
37.09432766037736 
35.27478373498332 
37.13899796623684 
37.355178956498854 
35.2752445232165 
37.507545198670186 
35.556818577818056 
36.33579036801791 
36.99655528466307 
36.423561372413715 
37.36491034692588 
36.6912915716031 
0.0 
36.79395927082992 
36.15657483445637 
38.27988759638136 
36.84191044000914 
37.92476735227247 
36.46968451619761 
36.623471679510644 
36.52961146471157 
37.269660740221575 
36.57706237604934 
37.708899524150375 
36.679795921808505 
36.97148788456361 
37.31057163573011 
35.207960217572804 
37.857392425598626 
36.53002689008922 
37.42154627340662 
36.626285716977435 
37.16525915473283 
37.1873488474897 
37.31997371042153 
37.53204388497669 
35.07071953056424 
36.53002689008922 
36.28637676503848 
37.849359034927275 
37.459611919171195 
36.44574950809295 
36.93910094131384 
37.33569501656155 
35.1809926055069 
36.90419774791119 
36.865070811045605 
37.63012915323494 
36.853859186577395 
36.231107772564364 
37.60087323909076 
37.199311423551 
35.1809926055069 
37.07159380027385 
37.348646331280065 
36.971198674637584 
36.96914360096991 
35.44091645547632 
37.43787058631738 
35.67048587729187 
34.583860357689666 
37.07538442750141 
35.88508307933284 
37.065521641342194 
37.787465967742186 
37.6314645144111 
36.27346814237306 
37.39012198558956 
36.14942917919873 
36.55074735288289 
37.30301786898653 
36.07305150880686 
36.727812981316795 
37.56149531657433 
35.10164496576956 
36.025446485010534 
37.275166224741646 
37.515825993694506 
36.55074735288289 
36.80707782109209 
36.43963818594201 
37.87470346093592 
36.12823951445142 
37.81447514743237 
36.04683144354927 
36.59946678503204 
37.14536471676137 
35.77040241774196 
37.5966011912595 
0.0 
37.227996777824956 
36.274900713889544 
34.968391434323344 
35.6732599689662 
37.789915382495565 
36.55194769950557 
37.56800425426756 
36.95711435797199 
37.33367871958666 
36.771711508285144 
36.03623625151322 
36.50886072267597 
35.27478373498332 
36.1345040596973 
36.75614346481941 
34.440671534564004 
36.31848792720373 
36.99018906600887 
35.61968067476841 
37.56976487823693 
37.676070279092244 
35.215183693387736 
37.316692703520246 
35.6330782271219 
36.71258927840273 
36.97807298461041 
36.83303454432932 
36.65761311665754 
37.690429557857655 
37.911386639589445 
36.94035657384344 
36.13927923756756 
35.344175459171005 
35.46947476020036 
37.850021412155264 
36.85590398078732 
37.23712657950532 
36.740032439149175 
36.79217369099515 
37.54962946743682 
37.08253065340115 
37.84480473939375 
37.02093840896552 
37.025545638708415 
37.978144526946316 
37.27960586105148 
37.41011415413252 
36.53002689008922 
36.71032100684256 
37.306616989165185 
0.0 
37.54937045002935 
35.294382399144624 
36.43765234676108 
36.34661135939054 
36.49683258481901 
37.1578050802265 
36.76985477478374 
37.474246969136615 
0.0 
36.8585887510347 
37.627122443416944 
37.655966833844126 
36.60100157986453 
37.16781959949935 
37.69236393502135 
36.36247041117708 
36.663216152722136 
37.56512468083287 
37.212800800525166 
36.19244270396969 
37.272888000047836 
36.314670649985565 
36.33617133574182 
36.30061095308801 
36.209180613111634 
0.0 
36.07346351898503 
36.72143159185595 
35.37946430396475 
38.00867713836635 
36.23556813455619 
36.993165628945015 
37.36708080148807 
36.768212063948496 
37.128760551941795 
0.0 
35.294382399144624 
35.6732599689662 
37.232417379547044 
37.87023333942959 
36.208009398397714 
36.661082043320924 
37.334279920195435 
36.73077872657736 
0.0 
37.52580533739423 
36.55353878018657 
35.97799611079422 
37.583070783070845 
36.89622892756137 
35.51187492068259 
37.282096044075296 
36.904694534319376 
37.868050370164646 
36.91576205658312 
36.56632027361875 
38.17591110672309 
35.966100272539784 
37.3272766071774 
36.96624978758247 
37.57790935550232 
37.02984140024674 
37.473004240623254 
36.56632027361875 
33.60403974630176 
37.64931533300211 
37.98743915888684 
37.15568905224911 
37.09283710318508 
37.202939279583426 
35.27478373498332 
37.227146085093615 
37.394534150258586 
37.263421732961326 
36.735388996885284 
35.534290503274704 
36.94195523923273 
37.30415924347773 
37.38638995634519 
35.188068964512645 
37.378577486670984 
0.0 
35.04348908176067 
36.47370307848872 
36.865072064116696 
37.50676331163144 
36.280719258022245 
35.87428987075761 
35.54943867541519 
36.53616030845645 
35.65179357777742 
37.68073106467389 
36.24107952176287 
36.78069750480195 
36.126077779626506 
38.084233728791865 
37.226302114704204 
36.526691621595226 
37.178393848812895 
36.613823398599216 
36.58790865093902 
36.38093075154274 
36.88463379747393 
36.60568874198612 
36.382425421978 
37.08064555870751 
37.46841265678722 
34.67161126018188 
37.86017094715419 
37.00576511679034 
36.906004038731254 
37.053815230326165 
37.421094484545876 
0.0 
0.0 
35.408438373619006 
34.67161126018188 
36.29545894439485 
37.28675880074919 
37.292869721380185 
34.583860357689666 
36.18633196147058 
36.95252448495163 
37.18565904497485 
35.56538317710668 
36.75801758880701 
37.0947980470183 
37.670964902476996 
33.643492090851176 
37.45702609106662 
37.0948901912378 
36.97340910973489 
36.344355174185495 
37.60087323909076 
36.39082279791547 
36.58847168781829 
37.59628628476745 
36.19236008463288 
34.96713986499114 
37.63672370165874 
0.0 
37.60087323909076 
35.62744281529009 
37.81447514743237 
37.99656989697195 
36.66261359260547 
35.83614850877074 
37.73776500506669 
36.446686775324466 
36.77491953694735 
36.75696659022122 
37.327383206351804 
36.48930325338896 
36.70016714094901 
37.08918121979445 
37.51653243902292 
35.34330138327693 
35.70028121739642 
36.607791078989514 
36.31482502363577 
36.858477663373435 
37.30415924347773 
37.76210706232936 
37.6374746198855 
37.178393848812895 
37.363762723873506 
37.111669312230156 
37.41530695673285 
36.82355580340132 
36.53719702784685 
36.77917350068174 
36.52463403750315 
36.527256455404135 
37.9519903913006 
37.725178856023796 
36.149332661459624 
36.70513471066693 
36.22642634464486 
36.26485880873999 
37.547254360598195 
36.07305150880686 
37.74815234038214 
37.08264055722236 
35.12891695276826 
35.77040241774196 
37.09369826245144 
36.930857308369994 
35.933317156789855 
37.717950963906375 
36.800023187828 
35.68970858088414 
36.679547769434244 
38.168420830571954 
37.4989845813691 
36.37774878528735 
37.22638621465086 
36.281293542789236 
37.17753670692891 
0.0 
37.425364976373885 
37.41715634610663 
0.0 
36.35003828090378 
35.40711703757694 
36.554909038234975 
36.90419774791119 
36.90137256665339 
36.23926549116473 
37.41715634610663 
36.70844843723363 
37.47770121861191 
36.149332661459624 
36.611704897214395 
37.60679879881079 
36.88959755537181 
37.294951120902475 
35.16680676151094 
37.1578050802265 
36.76985477478374 
37.474246969136615 
0.0 
36.8585887510347 
37.627122443416944 
37.655966833844126 
35.905863156414874 
36.60157241468117 
37.443616470834776 
37.73353910508479 
36.75761852253003 
36.24614692341253 
36.28404225176372 
37.770190769275516 
36.7979631067545 
37.25987160533953 
36.70336790788345 
37.04977580664187 
35.344175459171005 
37.28914972073353 
36.60882219486254 
37.50239407693539 
37.13652008944137 
37.516437346204754 
35.8477154655085 
37.3458040905837 
36.77917350068174 
37.79078838016255 
37.19785689494235 
0.0 
35.55999347572163 
36.28273260986298 
35.33434269788676 
37.30178092073648 
36.90170964972992 
36.32979501153497 
35.215183693387736 
35.933047377380674 
36.812482386750446 
36.431558685853794 
37.33815009363049 
36.44228091437976 
37.27860607418609 
36.46395296104448 
37.82933711349311 
0.0 
36.91591344628724 
36.49753658440243 
36.94946232461909 
36.149332661459624 
37.16616916172046 
37.17296286651833 
36.42708678450304 
37.01637112271635 
35.469599709529234 
37.77063472311035 
37.350973515158095 
35.294382399144624 
37.503837893502414 
37.11569793842616 
34.583860357689666 
37.54824016639685 
36.00019017871564 
0.0 
37.3467178857795 
37.196089541298655 
37.16789387933585 
37.111293864899096 
37.234319631128145 
36.04683144354927 
36.38754072546878 
34.440671534564004 
36.008625434565865 
35.46050841801905 
37.606587738706104 
36.77491953694735 
37.09432766037736 
37.44145929936744 
37.275201902436656 
38.140684119040905 
37.12617696934193 
37.00174351262465 
36.071596530097295 
37.46096754586098 
36.49753658440243 
37.06520299223134 
0.0 
36.35003828090378 
35.40711703757694 
37.14159601744664 
36.150477801756445 
36.56632027361875 
36.196114836715154 
37.21493342307054 
36.96124872873309 
37.399258340886384 
37.808437895233936 
37.21437668193264 
37.03485955868057 
37.31084886207231 
37.948955170235415 
36.765099372052376 
37.84599996482125 
36.81034944552916 
36.09363888009067 
37.58941850660328 
37.227161658428265 
37.34723709639849 
35.85133402435206 
36.958665695074394 
37.08551770525323 
0.0 
37.109205945195455 
37.116549487992124 
37.12551218889072 
36.117872637764805 
35.194938307342525 
37.51781927380802 
37.51863316448608 
36.71032100684256 
36.04683144354927 
36.96510769668578 
36.26992940118383 
36.15809076224955 
37.35924764350985 
37.07908184347976 
35.33434269788676 
37.84599996482125 
36.274900713889544 
36.65881815648969 
35.796740899484824 
37.55109143469377 
35.6121832663242 
36.00029833587323 
36.88547878030008 
36.613823398599216 
37.16092204821523 
35.294382399144624 
37.35309546681541 
0.0 
37.48286687170514 
37.363180715061425 
36.30790841499465 
37.64582060078664 
36.798307962994244 
37.89041771924849 
34.747397043949015 
35.57165748387307 
36.71974423376654 
35.86595489434971 
37.99936546770012 
36.47107923656892 
37.23088180836855 
37.05692356951523 
37.03979349730079 
36.32153651417607 
37.38119566054175 
37.28270263207006 
37.84599996482125 
35.44091645547632 
37.07650461566892 
35.217659787921846 
36.07881549994261 
35.534290503274704 
36.903002398457936 
37.033461523198454 
37.515336834570924 
37.671806459897084 
37.614378372444136 
37.473381433115605 
37.157035328269 
36.765099372052376 
36.05111740571577 
36.49753658440243 
37.549337101415816 
36.231107772564364 
37.15187764736538 
36.26851487652674 
36.23556813455619 
37.7601652874703 
36.79952659577472 
36.30551232737935 
37.52104789445778 
34.96745122320918 
35.76790648431133 
35.68999148322401 
37.281742548738045 
37.32658629212875 
35.933047377380674 
34.826369535868295 
38.004162168495576 
36.492648004462694 
37.18559149328021 
37.770190769275516 
37.60343200409515 
35.45594763063854 
36.98174848900102 
36.482894137606415 
37.836524001282214 
37.283655023442215 
36.700651416042085 
36.124069236187744 
35.44091645547632 
36.528759601013185 
36.2455463308419 
35.37836665878768 
36.80065124685529 
36.61282353362898 
37.12515707763315 
35.62777894896376 
35.94267303719249 
37.426762886217595 
36.47107923656892 
36.86699643951265 
36.85813045580687 
36.97176494850202 
37.56662545918261 
37.63186024521023 
37.1436405540073 
37.929920623226536 
36.61210739092498 
35.215183693387736 
36.752482022289705 
36.054944931313265 
36.440235864633514 
37.62953283497387 
36.94057112205272 
37.3543218838425 
37.36580651765283 
37.43813031227096 
35.45323924665141 
36.71511577137944 
37.002773237455585 
36.45148132303421 
35.56538317710668 
36.04683144354927 
36.800023187828 
37.28549006317401 
36.63851211868805 
36.17998275384489 
36.86615550044233 
36.382425421978 
36.85813045580687 
36.4225858382676 
35.46947476020036 
36.95863824511816 
37.139068321916255 
37.495040456148104 
36.2455463308419 
37.139192976024795 
35.27044401072785 
35.224295549925095 
38.25120763740026 
37.081707462585875 
37.42909606955531 
37.37348758409097 
37.56935592620879 
37.929920623226536 
36.73077872657736 
33.60403974630176 
37.9519903913006 
37.58479767723739 
35.55999347572163 
37.522180491948056 
37.63186024521023 
37.344810035889076 
36.325173366450976 
36.274900713889544 
37.0240591341355 
36.149332661459624 
37.12090725803094 
36.947664709682456 
37.40778574223757 
35.184730175857446 
35.9091226026568 
37.39366910678442 
37.77020958372785 
37.097852161108484 
36.00399455448513 
36.55240252753212 
36.25708337803933 
36.71032100684256 
36.325173366450976 
37.408219338179336 
37.197509207700584 
37.173373671238444 
36.59634275097221 
35.27478373498332 
36.223230510798736 
33.60403974630176 
37.37804895462497 
36.91167637866517 
36.55048518998653 
36.274900713889544 
37.951884870871226 
37.275617541314105 
36.993079560079345 
37.72080387465885 
37.005283706427804 
36.30797505357991 
35.846751218318545 
37.10024848738728 
36.235932264279825 
37.027208207662504 
36.728991208134964 
36.230166165920764 
37.43286290349488 
35.966100272539784 
36.99860631838347 
36.1159912595291 
37.89135725866625 
36.76602833030886 
36.8534412058229 
36.12823951445142 
37.61044269789166 
37.43401111187025 
37.0049190629745 
36.779883390828296 
38.084233728791865 
36.9020343650258 
37.44032688183036 
36.466475393522565 
35.25564688511802 
38.008471035499575 
37.813052870777845 
36.79364838329024 
37.0592409097612 
34.70691993844731 
35.40711703757694 
37.73253246126176 
36.76775263501052 
36.97652284508954 
36.71804821092872 
0.0 
