26.311344805414112 
26.295531509322277 
26.31403714388786 
26.313216878821738 
26.313982238868977 
26.307834361058895 
26.31205394681249 
26.313833526561666 
26.313949485084706 
26.313434544210104 
26.31400790182135 
26.314043870689797 
26.313183675086027 
26.3134147184862 
26.294847739369292 
26.31346196415588 
26.3134147184862 
26.314134169349213 
26.313996211746016 
26.312759243616735 
26.313982238868977 
26.31408023637925 
26.314031800467568 
26.313351312400574 
26.313982238868977 
26.314134169349213 
26.311347473444954 
26.29480858991621 
26.31389142916371 
26.3125419610061 
26.314108110932874 
26.31407990782981 
26.314124762782075 
26.311818667319134 
26.314069878389883 
26.314077123802615 
26.311953542960076 
26.31408563149618 
26.31408789674759 
26.31404833215039 
26.311648703977845 
26.31401286488682 
26.314023188700016 
26.314114456987372 
26.29493749520655 
26.313334149892167 
26.31409598937245 
26.313397193426603 
26.31410451424654 
26.313872249616548 
26.313216878821738 
26.308568785005562 
26.29493749520655 
26.311143458799087 
26.313926570828386 
26.313235738341746 
26.31337292095396 
26.31339631111294 
26.312619735081878 
26.312759243616735 
26.31408561420417 
26.31374625319521 
26.31409640437763 
26.314100070251527 
26.313819967193588 
26.313828597469392 
26.313882090191534 
26.312759243616735 
26.314066368069437 
26.313963008648596 
26.313935580930327 
26.313426949571447 
26.29202719040271 
26.31339996146597 
26.311955222764652 
26.294916905479734 
26.31332665853165 
26.31401286488682 
26.313897412991885 
26.31337651946464 
26.31410990927268 
26.313334149892167 
26.314071711361695 
26.313228246470192 
26.313940025432057 
26.31392112323466 
26.313232589338117 
26.312473894430706 
26.31379568453739 
26.31318848526287 
26.311979311293463 
26.31412528152818 
26.313882090191534 
26.29556823955709 
26.313833526561666 
26.313391743833584 
26.31392112323466 
26.313833526561666 
26.314152117739145 
26.313260030424402 
26.313300170291416 
26.314087948623538 
26.312604987237414 
26.31395036706013 
26.313863152645695 
26.31334681418223 
26.31374625319521 
26.311979311293463 
26.312425439181858 
26.31392112323466 
26.31408023637925 
26.313833526561666 
26.312566160911903 
26.314126630267197 
26.313833872462244 
26.041866220857706 
26.294060357836536 
26.3134147184862 
26.31406991297428 
26.31386400008457 
26.314043870689797 
26.313420600492048 
26.314084749603445 
26.313333371346122 
26.314016461801646 
26.31339631111294 
26.3134147184862 
26.314066368069437 
26.312473894430706 
26.31315439841204 
26.311287649464507 
26.314060471403547 
26.313434544210104 
26.3140883117551 
26.314076674207662 
26.31399219974567 
26.313882090191534 
26.31343265852907 
26.293119192369918 
26.31410451424654 
26.31390275690994 
26.314144959159524 
26.311990948454454 
26.294710553903155 
26.314109943856113 
26.312522174944583 
26.31409285953788 
26.314051513958816 
26.295550356235776 
26.314134169349213 
26.31406773415575 
26.31254367474669 
26.294648125640858 
26.31407037986354 
26.31326001312249 
26.311979311293463 
26.31389142916371 
26.25761120051524 
26.313423731785377 
26.314044787192522 
26.312652640233654 
26.31410856051804 
26.313833526561666 
26.313426966871354 
26.313293768749546 
26.31408208662996 
26.314127892547432 
26.314006518385423 
26.31251959563923 
26.295531509322277 
26.314021390252105 
26.31400748679071 
26.313154761778655 
26.31339631111294 
26.31408117015093 
26.31311351043158 
26.314063670477477 
26.312591866375822 
26.307834361058895 
26.31384424944108 
26.31329958204281 
26.31235745367227 
26.313420600492048 
26.314004322178167 
26.31228008098352 
26.31406138789572 
26.31205394681249 
26.3139508512817 
26.31315439841204 
26.313407521646422 
26.313896946046647 
26.31132725519216 
26.293224652386925 
26.312425439181858 
26.313828597469392 
26.31409598937245 
26.313333354045092 
26.313169157944284 
26.313996211746016 
26.31317337986946 
26.311735723276087 
26.31190583222999 
26.313982238868977 
26.313333354045092 
26.314021390252105 
26.314039426507975 
26.313420219892397 
26.31407043174011 
26.31254367474669 
26.314065416995923 
26.31392112323466 
26.312759243616735 
26.314144959159524 
26.308568785005562 
26.314104566121888 
26.314074460815053 
26.31404833215039 
26.31410990927268 
26.31410451424654 
26.3134147184862 
26.313278543346655 
26.314040740742154 
26.31254367474669 
26.31339996146597 
26.31332892497508 
26.312595432215453 
26.311901433411727 
26.31401286488682 
26.313351831424864 
26.314070846752646 
26.313849213069567 
26.314050545583083 
26.311160872640233 
26.3141144915707 
26.312557626942816 
26.31398858547718 
26.31393599598165 
26.31262122370569 
26.311901433411727 
26.313160662147563 
26.31397922984062 
26.313327540887915 
26.292943080992522 
26.313888281590952 
26.313285585115462 
25.98515046483747 
26.31274501644097 
26.313774134202465 
26.312028733946043 
26.313421482790858 
26.31397922984062 
26.31412787525593 
26.314040740742154 
26.313217778547557 
26.31415031945195 
26.31163711602003 
26.312759243616735 
26.313751182568833 
26.313216878821738 
26.313812322697753 
26.276371187037217 
26.31390057783895 
26.31410451424654 
26.293984645317252 
26.31412879170529 
26.31337873392829 
26.294005108078228 
26.313940025432057 
26.31341651769053 
26.293119192369918 
26.3133225235608 
26.3126814597527 
26.313863169940372 
26.294007001789506 
26.314064984689576 
26.31254367474669 
26.313228246470192 
26.313996211746016 
26.314102283604843 
26.314118434064525 
26.310807027184413 
26.31401286488682 
26.31264448758056 
26.313910815985167 
26.29388946423902 
26.31413060731078 
26.309566973519136 
26.31407931989905 
26.3134467059286 
26.313828597469392 
26.313830707468846 
26.31229888349989 
26.313935580930327 
26.3125419610061 
26.31406859876667 
26.31392112323466 
26.31335179682325 
26.313828597469392 
26.31185879535228 
26.314152117739145 
26.313961607876124 
26.307834361058895 
26.313273560452632 
26.314108110932874 
26.3140529492288 
26.313232589338117 
26.313966069591118 
26.314105914880265 
26.313983656914647 
26.312003988197436 
26.313426949571447 
26.31412879170529 
26.31390682104149 
26.313232589338117 
26.313451221135118 
26.31408525107193 
26.31393964496941 
26.3141144915707 
26.31410990927268 
26.314104099243693 
26.31415031945195 
26.313454248564522 
26.314069065656355 
26.3141310741804 
26.31403441165601 
26.31179819587703 
26.312676942136413 
26.313265394005757 
26.3140529492288 
26.31408561420417 
26.314124762782075 
26.313169157944284 
26.313280290815833 
26.31099103973187 
26.31394408945862 
26.314118434064525 
26.31251632389628 
26.313444941361297 
26.29401089441044 
26.312547829260886 
26.313376017749746 
26.313923319568573 
26.313405705130705 
26.314043870689797 
26.313795632650933 
26.313833526561666 
26.308568785005562 
26.312676942136413 
26.3140510816483 
26.31407990782981 
26.314046551026305 
26.313416050589623 
26.313163396034657 
26.313454248564522 
26.294936058316004 
26.31384424944108 
26.313872249616548 
26.311595769289436 
26.313916246323778 
26.31401333179454 
26.31412068197284 
26.31408561420417 
26.313833526561666 
26.313833526561666 
26.313872249616548 
26.313978693748698 
26.314006518385423 
26.294710553903155 
26.31404615329927 
26.313971499721752 
26.314118434064525 
26.312473894430706 
26.313949554259267 
26.31410856051804 
26.313833526561666 
26.313426966871354 
26.313293768749546 
26.31408208662996 
26.314127892547432 
26.314006518385423 
26.3125419610061 
26.31387347753027 
26.313946372225963 
26.313971499721752 
26.31398858547718 
26.313227658192258 
26.31259960389043 
26.31408381583408 
26.314046170591748 
26.31412787525593 
26.31393388613618 
26.314082536223232 
26.3140883117551 
26.313350931782637 
26.313192361077146 
26.295524240233153 
26.31403131627317 
26.313982238868977 
26.31408206933791 
26.314046170591748 
26.31338506589153 
26.313976359152537 
26.314006518385423 
26.295469221674548 
26.313982238868977 
26.311685320619958 
26.313397193426603 
26.31408023637925 
26.313981477965847 
26.312663493057055 
26.313285585115462 
26.29506509238999 
26.314056044565227 
26.313186754985278 
26.314006518385423 
26.31337292095396 
26.31392112323466 
26.313879323077057 
26.313971499721752 
26.313239371798925 
26.313193935623723 
26.313454248564522 
26.313326589327218 
26.313169157944284 
26.313426949571447 
26.314021390252105 
26.31231929589908 
26.313953428029468 
26.311784253654157 
26.31409469248049 
26.314134169349213 
26.29402039797238 
26.313872249616548 
26.313982238868977 
26.31225580702265 
26.31407622461256 
26.313887935703416 
26.311685320619958 
26.294007773300798 
26.314021390252105 
26.314053761971408 
26.313437173779544 
26.314031800467568 
26.313247919038307 
26.312594999468395 
26.314043870689797 
26.313371104394676 
26.313879323077057 
26.31208388651911 
26.313232589338117 
26.31346196415588 
26.3140352762869 
26.314040740742154 
26.313923319568573 
26.31339631111294 
26.314102283604843 
26.313896946046647 
26.313454248564522 
26.313454248564522 
26.3134467059286 
26.311595769289436 
26.313916246323778 
26.31401333179454 
26.311160872640233 
26.313420600492048 
26.312595432215453 
26.313333371346122 
26.31325707179518 
26.3134147184862 
26.314006518385423 
26.314061422480325 
26.313903552442973 
26.314036676987847 
26.314046551026305 
26.3140317140043 
26.314046551026305 
26.313895078264192 
26.313901823022775 
26.31403940921541 
26.31407990782981 
26.31412785796443 
26.312546427113684 
26.041042529630456 
26.313307263858686 
26.314071711361695 
26.313373007456725 
26.294024220420596 
26.31382897796132 
26.31412787525593 
26.312717877108337 
26.30951828176186 
26.312017980247397 
26.314000638767936 
26.31407037986354 
26.295555628423088 
26.31394185856886 
26.31394408945862 
26.313371104394676 
26.314105448002508 
26.295583092529093 
26.31398858547718 
26.313895078264192 
26.313154761778655 
26.313217432499233 
26.313879323077057 
26.313339668906558 
26.31205964388955 
26.295561093261355 
26.314043870689797 
26.292770738786327 
26.313454248564522 
26.313342281348014 
26.31396567184189 
26.313235755643944 
26.314118434064525 
26.31399628091834 
26.313980059918034 
26.31254367474669 
26.3140798386615 
26.313961607876124 
26.313833526561666 
26.311103501469606 
26.314102283604843 
26.313362609787113 
26.314134169349213 
26.314012795715293 
26.314036676987847 
26.295550356235776 
26.31332665853165 
26.312652640233654 
26.31409640437763 
26.31403714388786 
26.313895078264192 
26.29556823955709 
26.312759243616735 
26.294079329179212 
26.29556823955709 
26.314050545583083 
26.312652640233654 
26.314102283604843 
26.31342198448994 
26.31406901377973 
26.313963008648596 
26.313351312400574 
26.31331093173833 
26.314046551026305 
26.31342423348368 
26.313454248564522 
26.31412879170529 
26.312595432215453 
26.31407670879189 
26.313880723929422 
26.313269529140353 
26.31345030425524 
26.314118434064525 
26.30651733399888 
26.313420600492048 
26.041162147787166 
26.312343257159483 
26.313751182568833 
26.314124330493506 
26.312619735081878 
26.3134147184862 
26.313655013502213 
26.31399396364375 
26.312595432215453 
26.313815038054983 
26.31408381583408 
26.314131489175487 
26.3134147184862 
26.313279875575823 
26.314102283604843 
26.311954062487473 
26.313350931782637 
26.31313020837146 
26.31407037986354 
26.31335179682325 
26.294648125640858 
26.31333785230541 
26.31083129087154 
26.312550460447017 
26.313192361077146 
26.312004507706668 
26.294449360738806 
26.313375689039898 
26.313426049976062 
26.314012795715293 
26.313396795520507 
26.312474915799292 
26.31383401082245 
26.313895078264192 
26.31392112323466 
26.257702044384075 
26.314006518385423 
26.31334319829654 
26.312759243616735 
26.31398858547718 
26.312759226308824 
26.310348973530637 
26.31389142916371 
26.313303249941978 
26.313263629216674 
26.314072126373862 
26.31389142916371 
26.312003988197436 
26.311685320619958 
26.314070345279152 
26.3139077895137 
26.31405557767133 
26.31401286488682 
26.313833526561666 
26.314118434064525 
26.313431758937245 
26.31225220571549 
26.314061353311125 
26.276371187037217 
26.312474915799292 
26.313886569446844 
26.313751182568833 
26.31316149269609 
26.31409598937245 
26.313454248564522 
26.31333785230541 
26.313978693748698 
26.31382897796132 
26.313990332086526 
26.314152117739145 
26.314070846752646 
26.313228973166137 
26.314118434064525 
26.31395036706013 
26.314006518385423 
26.0413438021592 
26.312295022598015 
26.31408561420417 
26.314098738779535 
26.313982238868977 
26.313966138764883 
26.31392112323466 
26.257834991231082 
26.313950315179238 
26.31374625319521 
26.314021390252105 
26.31380064833296 
26.313274927289857 
26.313007296627436 
26.314021390252105 
26.31338508319194 
26.313358699828733 
26.313895078264192 
26.31412879170529 
26.312473894430706 
26.311685320619958 
26.31305895094489 
26.31401286488682 
26.31407037986354 
26.313950315179238 
26.313989847878204 
26.31406773415575 
26.314118434064525 
26.312759243616735 
26.3134147184862 
26.295637668881835 
26.313278543346655 
26.314098738779535 
26.189245186144756 
26.313232589338117 
26.31374625319521 
26.31403131627317 
26.31412879170529 
26.294410410826966 
26.31403441165601 
26.0413438021592 
26.31395899655591 
26.313990332086526 
26.31410856051804 
26.31374625319521 
26.308568785005562 
26.314118434064525 
26.313971499721752 
26.313935580930327 
26.29493749520655 
26.314064189245553 
26.31398858547718 
26.314094225599106 
26.276371187037217 
26.313188969740224 
26.313761612030135 
26.313935580930327 
26.31408561420417 
26.314031800467568 
26.31163624995068 
26.31412787525593 
26.294710553903155 
26.313971499721752 
26.31393241616005 
26.29559948666971 
26.313454248564522 
26.312716475126397 
26.31384424944108 
26.312759243616735 
26.31385865602295 
26.31401333179454 
26.31407931989905 
26.31408926281352 
26.312608068372306 
26.314118434064525 
26.308568785005562 
