31.284393575067156 
31.266736074630316 
31.286452020761317 
31.269136999744 
31.221977628045703 
31.28493976057281 
31.230012593504565 
31.285742612847397 
31.283313342893614 
31.280789767175964 
31.281606873905915 
31.268588854110664 
31.243619895083004 
31.262163418321236 
31.28292068421346 
31.26260643217078 
31.286988851779515 
31.269770023963407 
31.281208369741837 
31.22876397260459 
31.281107863746247 
31.261609530106746 
31.00464495417282 
31.27776052178985 
30.777957195837494 
31.283851467035696 
31.016088006592863 
30.74284696032815 
31.285545976517547 
31.28025072696034 
31.26764616038736 
31.229853394079328 
31.285726251804633 
31.26229063853323 
31.286084451612115 
31.286084451612115 
31.286373059971055 
31.28264795391086 
31.28058117583308 
31.26460922417507 
31.283062524476943 
31.286452020761317 
31.283332750311033 
31.275421417494165 
31.266266975786003 
31.28216450382703 
31.28229936525581 
31.28350289145908 
31.279242673909373 
31.28572935120262 
31.278991556453366 
31.27545445831923 
31.23316942849255 
31.2777045240017 
31.283014116445333 
31.264600188690586 
31.28482376439313 
31.251557703478287 
31.05272783165213 
31.27872186631328 
31.28301634653565 
31.265732010063825 
31.26785423260079 
31.237599482069605 
31.28430435789928 
31.254895221650788 
31.284164164580318 
30.433292765886197 
31.22868249100582 
31.233942922218294 
31.219842361926137 
31.03449086661914 
31.26345600593682 
31.03476528047218 
31.28616412182733 
31.034553724313504 
31.221638364270827 
31.265852454098596 
31.283719754453987 
31.266623509798954 
31.28203685447876 
31.277743301907574 
31.26851285985663 
31.286534025328343 
31.25144945334524 
31.265331751090855 
31.247323373714128 
31.2834091745877 
31.278696619597135 
31.26351659348548 
31.285823304881454 
31.26653877282792 
31.282973217225358 
31.276248756131547 
31.231156743296424 
31.283284805119564 
31.260240155227425 
31.27945049298846 
31.281603604808982 
31.284417690237426 
31.26655462746175 
31.28351823345253 
31.287850948534622 
31.266819292967185 
31.26576517184341 
31.283061558816772 
31.267578164537788 
31.285606643793585 
31.285851903248382 
31.275421417494165 
31.282973217225358 
31.267582402024818 
31.047785901870352 
31.277537330110434 
31.282321287609566 
31.257434427881577 
31.284357676265547 
31.261222756406745 
31.283126380840717 
31.283703657430006 
31.28031936561328 
31.282494692543455 
31.268382318503907 
31.286412539253867 
31.280989551970674 
31.267253752505983 
31.28395223620082 
31.236440842577004 
31.282580925467823 
31.284843753123848 
31.269103394684766 
31.283307832016085 
31.284078592869704 
31.28174666715533 
31.28457180422489 
31.26730623616448 
31.211262505100667 
31.284887271550236 
31.009559588066235 
31.284290582127685 
31.286867994865993 
31.286462868126744 
31.264699021187617 
31.283151946003336 
31.27526935211707 
31.282977853665983 
31.28399888298999 
31.251101811207203 
31.280872705236412 
31.21706651325979 
31.261193516515714 
31.282190237965196 
31.282947333609062 
31.28490385054586 
31.031774437970217 
31.286084451612115 
31.28813232372241 
31.283018570549004 
31.207519089117294 
31.279190122242817 
31.284150963449854 
31.228175527526755 
31.228058307913678 
31.258063906556526 
31.265525990532456 
31.27308054656214 
31.2454215106778 
31.03215085558563 
31.28153112235692 
31.286453405535912 
31.285985182334702 
31.27780148371336 
31.267874471224296 
31.285974533596914 
31.288082579050783 
31.284852201157857 
31.282695308917624 
31.249098100530766 
31.26791018161428 
31.03623925208807 
31.2486781723095 
31.265905175373273 
31.280537452098702 
31.269825678633516 
31.259185256977872 
31.053267953387174 
31.28574745532336 
31.251721360089352 
31.23221860134826 
31.25214919140474 
31.26756597325224 
31.28337262972781 
31.28005007685336 
31.2464666345526 
31.26673043975685 
31.285956319918526 
31.24481640941972 
31.267044508357838 
31.255508814622033 
31.284829539139853 
31.280787769215948 
31.268307230945812 
31.285484053272963 
31.266214264938363 
31.276731148966093 
31.234372020643384 
31.28442639836365 
31.260276455014072 
31.051975251553216 
31.24605910655964 
31.279845494931294 
31.26839993661215 
31.285397658558665 
31.27944665110386 
30.75724805340711 
31.28585558263563 
31.26532313431381 
31.285035088414542 
31.278135341610742 
31.28420409660259 
31.28598729598354 
31.283151946003336 
31.281227053655794 
31.285049076520835 
31.277655239783062 
31.282519014563224 
31.285116752890076 
31.012798686676906 
31.268413211823614 
31.265911183346397 
31.284383964851518 
31.250733572867937 
31.28302165699682 
31.28234410948379 
31.000509975462748 
31.282333957511995 
31.249404171608848 
31.27907014881775 
31.28611982098152 
31.268285871626226 
31.28253377769392 
31.28467150721716 
31.269415338619044 
31.284677945480414 
31.265711930237444 
31.280056614891528 
31.253244487257582 
31.015787132319478 
31.266736074630316 
31.00955937917928 
31.287359232008473 
31.282199487690434 
31.283018570549004 
31.27534855715876 
31.255805076120456 
31.284018539409175 
31.253876746249887 
31.26738136579101 
31.284078592869704 
31.247123226274553 
31.284701439327385 
31.248964898407266 
31.282323142583923 
31.247651089911567 
31.28619273602705 
31.285672136918116 
31.284283529799666 
31.267158890359582 
31.285166340809162 
31.283248756714304 
31.28226206085831 
31.28113814741806 
31.22186854846346 
31.231829402908687 
31.264099189703654 
31.283022863415137 
31.278888812248812 
31.283325602215903 
31.284617260095967 
31.24746077717338 
31.278890918600897 
31.286084451612115 
31.284016441081956 
31.283866755659563 
31.281652327679076 
31.260722731159483 
31.029370585949735 
31.26868098179963 
31.283440361599492 
31.286462868126744 
31.284902782450942 
31.283847532558887 
31.286205370873894 
30.788997042492404 
31.286597770634422 
31.233905784666316 
31.25099373234978 
31.28254118322857 
31.286508442364568 
31.279622617850784 
31.282043957578534 
31.28094916428045 
31.28351823345253 
31.285445586502217 
31.262136807966517 
31.28477162905247 
31.28283398178647 
31.244311464672993 
31.274160319698257 
31.269415338619044 
31.24011000175071 
31.278991556453366 
31.237736436516517 
31.279980188757616 
31.284585244182146 
31.25050369636529 
31.282410207690514 
31.282196971271624 
31.25859483739716 
31.225009835604478 
31.28351823345253 
31.266907571200488 
31.276939550241682 
31.255134243235688 
31.235754836434744 
31.264452430889218 
31.28741935244413 
31.282219294598356 
31.266923221898953 
31.268567462152212 
31.284592882972696 
31.282962179046486 
31.045914655471464 
31.202357585083945 
31.282437775150115 
31.28666780868215 
31.28605251562575 
31.28681432148721 
31.28392062819876 
31.27441555263515 
31.26653877282792 
31.267818655300495 
31.264742181913523 
31.266658648057085 
31.286462868126744 
31.247766929284065 
31.28254691851508 
31.285843525540123 
31.270257915373822 
31.284239162892895 
31.28693666687377 
31.21233994309032 
31.2859105739467 
31.21845706291135 
31.28666853786583 
31.277854345867265 
31.28581722881958 
31.266445798360582 
31.25423841548797 
31.28475343768153 
31.27851760660568 
31.253634098600585 
31.286322047634446 
31.251804281651733 
31.280241599160327 
31.03067857913136 
31.284693931816427 
31.281332733703344 
31.280926647115926 
31.285349800133634 
31.17124207440516 
31.277848488829157 
31.25923084564247 
31.284238320491028 
31.28697839876102 
31.280171468623042 
31.282149001578535 
31.282458288559887 
31.271410730872777 
31.28366281969731 
31.26945607835145 
31.284413626022687 
31.251241950088822 
31.286006514838196 
31.28598729598354 
31.24643401611638 
31.26695353623438 
31.28166542623966 
31.283015153915358 
31.24548551359094 
31.282603268259994 
31.28334473566992 
31.276962862163636 
31.284949517618912 
31.282957496726095 
31.280867426119485 
31.282148953513577 
31.28574745532336 
31.285397658558665 
31.270253888502378 
31.266819292967185 
31.285400111522012 
31.041078854247147 
31.232319077256484 
31.233889179825137 
31.286117406155434 
31.286962084764745 
31.284721297396203 
31.283759928350115 
31.029185054793725 
31.259150363971138 
31.039927935231354 
31.24655450777495 
31.284517919041797 
30.99770484847194 
31.283442375760494 
31.28349298829118 
31.27810191890918 
31.266509314881223 
31.26563018590785 
31.283714754506224 
31.249203984253867 
31.285915456084144 
31.2033218794684 
31.286084451612115 
31.216407482683795 
31.281752969276305 
31.284031677196623 
31.28572935120262 
31.26835573782802 
31.280558163448266 
31.282751078537192 
31.28368425389773 
31.248560452902627 
31.286084451612115 
31.266930280319016 
31.282977191081596 
31.239321284786694 
31.284591730814025 
31.219369483197514 
31.01549310879685 
31.287445503283838 
31.281227053655794 
31.282804198660756 
31.279835636902202 
31.26569722810018 
31.28558786880309 
31.28197990299598 
31.267390743323606 
31.267273723805783 
31.27964612996805 
31.22963292121697 
31.26974428130152 
31.280112093796824 
31.265210560918085 
31.04384244468628 
31.283809640183676 
31.28364244592915 
31.26218545385322 
31.248365810834876 
31.28199048069872 
31.270685167796074 
31.28344254687297 
31.26577336354498 
31.25105796611454 
31.22926107784189 
31.2831376899449 
31.245354704087937 
31.286622179996314 
31.251377419786206 
31.265525990532456 
31.24746077717338 
31.279325549834702 
31.280993349386048 
31.283759928350115 
31.26817114159021 
31.233113386425707 
30.74290736601543 
31.286084451612115 
31.2553669396371 
31.270162968122882 
31.283646097289846 
31.28520902476107 
31.286084451612115 
31.042786320832207 
31.241650000577312 
31.282979253374496 
31.284325855938356 
31.246825092015293 
31.28351823345253 
31.283612845062112 
31.217158966117832 
31.284024598774 
31.280928334685164 
31.28273589350501 
31.256892228344228 
31.268353426951034 
31.28444557900256 
31.282378705086213 
31.28272151128711 
